0
0
0
0
0
5327
0
6289
0
0
0
0
0
0
0
6853
0
5990
0
0
0
0
0
1309
0
960
0
0
0
1020
5626
914
0
0
0
0
0
0
0
0
0
0
0
0
0
0
0
0
0
8911
0
0
0
0
0
9022
2157
0
1069
0
0
0
0
0
8305
0
4571
0
0
0
0
0
0
0
0
0
0
0
0
0
0
0
0
4749
0
7729
0
0
0
0
0
0
0
3264
0
4678
0
0
0
0
0
0
0
0
0
0
0
7634
0
0
0
0
0
2755
0
0
0
0
606
0
0
0
0
0
0
0
0
0
0
0
5056
0
0
0
122
0
0
0
0
0
0
0
0
0
0
0
0
0
0
0
0
0
0
0
0
9033
0
0
0
0
0
0
0
0
0
3628
0
0
0
0
0
0
0
0
9814
0
0
2051
0
0
0
0
0
0
0
5050
0
0
0
9396
0
0
2774
5855
9213
0
0
0
0
0
0
0
0
6181
0
0
7626
0
0
0
0
0
0
0
0
0
0
0
0
0
0
0
0
0
2263
0
0
0
0
0
0
6608
0
0
0
0
0
0
0
7731
0
0
0
0
0
0
0
0
0
0
0
0
8829
0
0
0
0
0
0
0
0
7033
0
0
0
0
0
0
0
7326
0
0
0
0
0
0
0
1363
0
0
0
0
0
0
0
9499
0
5659
0
0
0
7541
3559
0
0
0
0
0
0
0
185
0
0
0
0
0
0
0
0
0
0
0
9600
0
0
0
0
0
0
0
0
0
0
0
0
7136
0
0
0
0
0
0
8319
0
7908
0
0
0
0
0
0
0
0
0
1543
0
0
4086
0
3457
0
0
0
0
0
2563
0
0
2658
8817
0
0
0
0
0
0
0
0
0
0
0
0
0
0
0
0
1866
0
4376
0
0
0
5457
0
0
0
0
0
0
0
2180
0
0
0
0
0
4667
0
0
0
0
6465
0
9115
0
0
0
0
0
1715
287
0
0
0
0
0
0
0
1660
0
0
0
0
0
0
7061
0
8107
4560
0
9899
4071
0
3595
0
0
0
5756
0
9626
0
1873
0
639
5530
2859
0
0
6968
6650
0
0
0
0
0
0
0
2361
0
3985
0
7832
0
3844
7149
0
5554
0
4480
0
0
1632
0
2456
0
0
0
0
0
0
386
1751
0
0
0
0
0
0
0
2876
0
2953
0
0
0
0
0
0
4268
0
0
0
0
0
818
0
0
0
0
0
0
3962
0
0
0
1216
0
0
0
0
0
313
9898
7998
0
0
0
0
0
0
0
8204
0
0
0
0
2677
3479
0
0
99
2087
0
0
6059
0
5890
0
0
0
0
0
0
0
3060
0
0
0
0
4854
0
9707
0
0
0
435
6564
0
0
2272
0
0
0
0
0
0
0
0
0
0
0
0
0
0
3745
0
8500
0
0
0
0
0
0
0
0
0
0
0
0
0
0
0
0
1122
8529
0
0
0
0
9222
0
4276
9526
0
0
0
0
0
0
6814
0
0
0
0
4169
0
0
0
3272
0
0
0
1962
6372
0
8737
0
0
0
0
0
0
0
7235
0
0
0
1166
5234
0
7253
3189
0
0
5139
0
0
0
0
4361
3091
0
0
0
2473
0
0
0
0
0
0
0
0
0
0
2989
0
0
0
8107
0
0
0
0
8631
0
0
0
0
0
8399
0
7427
0
0
0
0
0
0
0
0
0
0
0
0
6748
0
0
0
0
0
0
849
0
0
0
0
0
0
0
0
0
0
0
0
0
0
0
0
4771
0
2380
0
0
0
1263
0
0
0
0
8934
0
0
0
0
0
0
9425
0
0
0
0
0
0
0
5355
0
0
0
3704
0
0
540
0
0
0
0
0
0
0
0
0
0
0
9321
0
0
0
0
0
7913
0
0
3350
8601
1428
0
0
6515
0
0
0
0
0
0
0
0
0
0
0
0
4956
6706
0
0
0
0
0
0
3378
4866
0
0
0
0
0
1984
728
1529
0
0
0
0
0
0
6919
0
0
0
5427
0
0
0
0
0
0
0
0
0
0
0
0
0
0
0
0
0
0
8417
0
0
2567
0
0
0
0
0
0
6162
0
0
1777
0
4958
0
4185
0
709
0
0
0
0
7337
0
8015
0
0
0
7819
0
7440
9118
0
0
0
0
1446
8717
0
0
0
0
0
0
0
3894
0
8212
6397
0
0
0
0
0
0
0
0
0
0
0
9716
0
0
223
0
0
0
5719
4470
0
5152
0
0
0
0
0
482
0
0
5960
0
0
3158
9799
0
0
0
0
0
0
0
0
0
3804
0
0
0
0
7530
0
0
0
0
0
0
0
0
0
0
0
0
0
0
0
0
0
0
0
0
0
0
0
0
0
5803
0
0
5258
0
9307
0
0
6083
0
0
0
0
0
0
0
0
0
0
0
0
0
0
6270
0
0
