24353
10792
2698
16827
23359
142
21229
15123
56600
52540
7952
16046
7668
142
23359
994
46660
0
15762
0
0
3550
4118
28400
22436
16827
994
23359
36860
10792
28400
28400
21229
21229
44770
21868
0
41760
19028
41760
2201
50230
4118
9017
28400
44210
0
55200
0
23359
28400
46660
45330
33430
55200
21229
1988
710
55200
37770
7952
28400
41760
3053
16827
0
7952
21229
16046
7952
23359
2201
33430
36860
17537
1846
49600
54710
41760
5538
3053
20519
37770
15762
55200
49600
4118
142
15478
36860
22791
28400
36860
142
21229
852
142
4118
994
45330
