0
0
0
1
0
0
0
0
0
0
0
0
0
0
970121
0
0
3
0
0
0
0
0
0
0
0
0
0
0
0
0
0
0
0
820767
2
29849
0
0
0
0
0
761929
0
702841
218429
0
0
0
0
0
0
0
0
0
0
0
0
0
0
0
22
0
0
0
0
297261
0
0
0
671329
0
0
2
119074
0
1
0
416003
0
0
0
0
0
0
0
0
0
475317
0
0
0
920569
0
0
950499
594159
0
0
0
0
0
396193
380506
0
0
465392
4
0
0
0
0
20
0
0
0
0
0
0
0
0
0
250630
0
0
9936
0
0
21
0
240779
0
0
643161
0
0
0
317383
0
0
910822
540631
0
0
0
0
0
0
0
0
0
1
0
4
180646
0
0
0
0
0
0
0
681384
0
0
0
425895
0
0
7
0
0
0
0
0
0
810811
0
0
0
0
0
0
0
4
880936
2
0
0
0
0
0
18
0
8
0
0
0
0
732498
0
0
0
360530
0
0
801653
0
641130
0
49582
170591
0
0
0
580783
0
0
0
0
771776
220558
0
742272
0
0
7
0
0
1
0
0
930214
0
0
0
59491
0
0
0
0
0
0
0
287467
623704
0
40012
356931
0
0
0
0
560762
0
0
0
0
0
0
0
0
435771
0
0
0
0
0
7
0
0
0
208552
0
0
28
0
722735
514953
0
0
386334
0
811688
390423
16
0
0
712666
0
0
0
1
0
0
69928
0
0
701362
0
920318
460208
0
0
0
300461
0
340673
18
2
0
0
0
1
0
0
0
0
870460
821441
0
0
0
0
430357
0
0
290322
370527
0
0
890234
830778
30
0
0
0
330709
0
0
277534
0
100330
0
0
530548
0
7
0
11
450340
376492
0
0
0
0
15
0
79503
0
1
0
0
0
0
490363
0
1
80007
150523
1
14
0
24
0
0
110397
0
0
0
0
0
310405
1
741216
900211
0
0
621086
0
0
49810
0
0
0
0
0
320516
0
0
0
0
0
0
0
0
691422
0
0
4
455495
0
0
0
0
0
752071
3
0
0
0
0
0
960192
0
0
139008
3
520498
0
0
0
0
0
280412
0
0
327117
0
0
0
0
0
0
2
0
0
0
3
0
0
851371
0
0
0
692964
0
731066
0
0
990048
0
0
89382
0
0
0
0
0
0
0
350547
0
0
1
0
0
0
0
0
9901
0
0
524765
0
0
0
494994
0
0
0
0
0
0
0
0
0
0
0
0
0
0
0
0
0
880274
0
0
0
0
228384
0
0
0
59862
0
653096
0
0
337082
190723
0
0
346903
0
0
0
0
0
0
900781
0
0
3
0
0
564434
0
663112
631046
970382
0
0
0
0
3
0
4
267647
0
0
0
0
0
0
0
0
0
0
0
0
0
0
230564
0
0
0
550645
0
0
633474
30
9
210460
0
0
0
0
0
0
0
158776
0
0
0
0
0
0
0
257723
0
0
0
0
0
0
0
500472
0
140538
0
0
0
0
148854
0
0
0
2
0
0
0
910439
0
0
584175
0
0
0
0
39857
0
0
99263
0
1
0
0
791764
790933
0
0
0
0
0
0
0
673199
2
0
16
0
801015
890843
0
0
613842
0
711294
0
366622
960484
0
0
410461
0
0
0
600979
0
0
940192
0
0
0
0
188688
0
0
0
0
0
2
0
0
178816
0
0
3
0
0
683133
0
0
307276
0
0
0
0
0
0
0
0
0
406099
0
198584
0
0
69465
4
0
0
0
0
0
0
0
0
0
0
0
0
2
0
0
238221
0
0
0
120527
0
0
0
0
0
0
544583
440273
0
2
0
0
480347
0
0
0
168852
0
0
0
0
0
0
0
0
1
0
0
470348
0
0
831501
0
24
0
0
0
0
0
89975
0
0
0
0
130538
661205
5
0
0
0
485081
0
861180
0
0
260568
0
0
19817
0
780917
160496
0
0
0
980005
0
1
604153
0
534745
0
0
0
12
0
0
2
871132
0
0
0
200526
0
29881
0
0
0
2
0
19945
0
0
0
781685
0
3
0
0
751257
0
0
0
0
990107
505035
0
651157
0
0
0
0
1
400407
0
0
0
721131
0
270445
0
0
0
760935
980298
0
0
0
0
0
0
0
0
0
0
109122
0
0
0
0
0
0
0
0
0
0
0
23
0
1
0
0
247987
1
0
0
0
0
0
0
0
0
574349
940585
0
1
2
0
0
1
445581
950067
0
0
0
0
0
0
0
0
0
930527
0
0
0
610995
570727
4
850641
1
0
0
0
0
0
0
0
0
0
0
0
0
2
0
0
0
0
0
7
0
0
841488
0
0
0
0
0
1
0
0
0
0
0
840821
0
0
0
10
770812
0
0
0
0
0
0
590758
129125
860417
0
0
0
554413
0
0
0
0
0
0
0
0
510444
0
0
0
0
0
0
0
0
0
0
0
0
0
0
0
0
0
0
420502
0
0
0
0
0
0
0
0
0
