637
11986
7623
38620
30340
37416
10135
29099
40644
17115
1042
38075
16571
46700
42970
18866
39801
12431
16512
27930
35505
9084
42386
4509
15902
3575
14610
14939
42227
6490
29251
32744
7119
13825
2413
36772
34854
2950
32969
28153
37939
34678
16716
30559
26160
4701
43372
34470
6988
34880
31963
15187
40454
3412
32969
3228
9623
18148
8802
2150
8521
21585
1791
20256
4097
6377
41824
46974
12328
24132
42017
33476
38866
36216
26901
25276
33983
2655
42178
26526
36154
28544
15753
22731
2137
23551
46900
10587
32932
2504
42970
17067
3205
9227
3051
12749
9927
2977
33954
25980
3887
43976
46833
20445
31697
38968
12385
17115
23119
14206
38819
18637
44758
7157
18637
15406
3946
21781
6361
15357
10321
25638
8360
1840
2862
26915
26519
5010
14119
34356
4692
39791
39857
22559
28631
18028
11252
30728
14523
325
44487
13221
24411
4725
1310
27128
25066
35384
22030
8802
8905
39121
22154
45334
32513
6506
24212
4103
8084
3374
36713
17888
37671
110
42970
32208
27413
307
25698
1655
14569
1190
21635
6891
4188
19803
42312
6445
17115
12115
1424
45193
21437
505
7941
1269
1122
28096
27764
35477
45598
37517
15113
13931
43390
21677
41691
22878
15778
29240
16532
41739
4301
19619
31459
37724
8350
18023
21015
175
42105
24350
4154
45531
28577
33099
1520
18004
42386
37217
274
28153
22780
10422
27077
18979
32331
518
14000
19192
36323
45193
22486
46632
19044
4457
21437
3283
10145
14643
36149
9356
10714
37458
17744
12390
20107
7054
348
6844
38687
14936
46187
22085
23581
22071
7941
4998
22369
19592
653
33236
11509
11550
12328
7104
38442
28631
28631
8084
46112
27992
29251
28524
21047
15902
12390
15422
27667
29994
18524
43255
13221
9562
6113
10914
41004
9769
13477
8882
2950
15631
43970
9915
20805
27186
29810
15450
8817
22254
5569
22453
17115
33355
36185
21398
31459
8811
40142
34370
14218
24454
33038
32744
18351
14756
17797
29040
41903
7
3091
37024
4494
45531
518
5516
31860
38834
47048
34854
43682
505
34854
19843
30504
46112
15650
20256
39301
12440
22030
15751
13963
2768
8500
22402
664
16895
20634
23185
1337
18964
13424
33112
31289
3715
37478
35961
6113
47259
37153
13771
17888
30782
28204
2424
37611
40558
41124
6341
38968
11577
0
14206
14045
15860
41674
27621
1466
26652
24553
10994
162
21929
30691
3205
32727
46287
12367
1515
31911
14440
8943
9896
29369
4251
45826
30485
34829
19093
6457
10664
9719
32370
4752
42595
55
15390
9430
23185
28418
37517
19619
10763
19414
40937
43970
18637
10515
18979
35000
19934
1606
30670
23138
6713
17438
510
11643
3194
16103
27353
42178
12301
6979
34239
11076
42672
9285
40795
21364
23765
1819
17803
24724
41401
18637
151
55
42595
33170
4194
43255
13825
37481
11870
22932
13903
19619
3946
10135
38357
6867
23217
8802
10085
35505
37872
15580
41878
43319
9868
8378
36705
21047
17941
24772
7025
3608
45826
15600
28872
12278
19319
360
37517
12428
8084
44606
39322
34304
41824
31522
175
34304
59
3311
13221
21910
33099
26724
36391
37210
7022
35505
900
10399
28982
31416
4998
1145
47411
34114
31802
17984
6956
23217
27696
24693
2679
231
33548
23827
10914
8817
25483
31174
2413
7385
15593
55
9212
37109
27512
10805
13512
33931
26099
16400
22030
4407
4019
1325
21005
16284
28051
1565
1819
32566
43191
24610
44318
37354
1677
23723
2679
42178
24668
530
10184
13221
21015
19843
43198
42178
1914
24038
40727
34881
32910
28039
15545
18537
16436
40383
45967
23129
46900
3413
20107
26227
21895
21475
5135
22154
21802
35907
46561
21364
9896
1122
33237
37493
21398
37250
33237
40582
15872
20889
29200
7347
11068
42970
11946
35865
2572
15113
5135
17434
2424
14229
45397
2929
9769
45598
42456
42299
25561
42620
10236
34470
33672
45751
11577
11490
21941
21086
25980
44833
0
43970
22254
32566
21015
45751
15684
9684
40727
32851
38485
44758
13779
36323
6416
16861
12672
7141
9769
15254
27621
7295
24943
20997
15684
31716
41546
44269
18582
7
40649
3091
2859
29422
37409
42672
14508
28368
471
10763
5297
33548
33846
15902
41333
17050
59
50
21531
26738
1337
9749
43819
29200
1933
19462
35865
21496
29697
16100
3850
28210
19187
44906
31278
11300
3763
39185
17257
16616
2820
16727
3674
8905
31353
36449
18637
27812
37740
0
15187
6506
32969
15778
15459
31404
24338
42910
31185
3012
55
162
4752
38819
34239
25055
18637
18866
147
15772
3677
3763
32566
636
19515
29252
15022
126
33299
11033
21437
46408
31009
24212
38819
44050
3473
46561
12623
33259
15711
45825
23880
12601
35635
12151
21129
31522
46799
23817
46799
19033
37566
1355
8729
13248
44758
16635
44674
32277
45319
40539
22731
24454
8350
6222
1933
18377
20278
31931
21475
43390
12276
23040
27573
20030
38466
3677
510
37517
24077
1355
4457
19884
28120
47122
4945
34051
4494
42249
8817
16990
15650
20499
40727
2655
43970
242
15113
8600
5135
24887
9719
5367
14376
17143
22265
36718
19907
7095
27150
11543
13354
33141
4819
26738
39725
16400
7763
22834
25049
26548
20634
16103
1791
20358
16805
32679
20107
6249
8723
36969
27696
22486
17692
3946
41333
28752
17071
28802
4998
8438
18079
18637
28153
40113
14893
28577
32144
21677
15821
15515
1738
35996
3661
17459
36708
35960
22265
11803
15906
680
31697
9812
22135
35505
6222
42440
7429
664
12272
47411
45319
3608
13280
27186
2287
12199
32969
35447
2887
5076
23129
5607
10280
13762
16616
39791
3237
13341
14643
0
5255
12632
20004
8160
38131
31755
37493
27301
7104
3299
32932
16195
46900
26724
3763
21086
7452
39857
15600
8508
17434
24549
17685
32969
39112
10711
13317
9003
23386
39149
25841
5092
30691
15515
9013
36490
12027
23525
44982
35961
12027
3153
20374
18125
6680
26461
22178
14398
6664
3466
43753
38286
36772
37091
680
43893
43038
43682
45598
4413
3785
1852
8695
5414
1466
45751
12632
110
17797
21581
13775
24724
34873
15650
23880
47048
11018
21437
41197
6664
38968
26296
18028
20962
25476
25980
25638
15254
21338
15906
38357
41270
31063
5213
7119
10124
19515
4
960
