742884
740241
743991
907330
740635
740207
918455
748129
876894
972098
841801
815470
742590
797167
864948
740780
779052
743420
745996
803324
749220
735985
787908
742235
736605
793192
932531
759301
741726
776240
839069
840659
901307
915403
803075
740051
766385
783025
926157
744531
738484
739528
835844
773466
756455
812785
977396
735799
817448
735532
854130
941381
983344
899313
908361
804420
808555
789548
744141
802812
806051
762677
932806
737473
829654
950367
738538
833636
772797
789860
860231
750986
749292
863843
883829
769628
811335
972462
847260
760463
886169
864741
866007
970095
851920
740780
804649
792396
739342
939751
772385
895255
808924
738624
861231
891496
986682
803178
848495
777168
970289
917268
781359
841415
770269
736273
993044
735970
737850
873778
919247
736819
764389
951382
741643
740762
735081
854243
800028
866252
945709
917986
913981
877094
740354
755902
901016
757050
930671
951201
776002
736592
873239
747091
820538
876913
894242
735438
879427
739935
738114
741897
817266
742326
980304
736178
747607
815417
747273
924264
815367
742218
788689
851362
735165
825070
743088
921005
918397
749176
735706
784704
981803
768357
765637
842479
942534
737933
779072
737010
790177
737048
738328
900101
859410
935799
737357
829203
962491
964566
851788
792843
959402
772426
755127
775716
831579
823950
747720
970109
764990
914855
740103
810584
741537
740042
736301
738306
743711
891877
740908
740209
745726
762775
772591
891310
749246
878123
842542
744391
782108
751160
755736
968207
953896
987370
868777
738659
764273
737354
736246
775092
843780
752422
972253
743943
842481
750225
822725
738892
853816
892502
844634
792762
881192
741675
755568
889050
736041
959813
745930
842505
961048
799113
871535
747440
743668
814303
769722
924469
958463
940653
782971
737033
738896
864051
744726
743667
736285
751692
740367
970429
866343
845640
887260
750292
738513
830306
805181
842090
824682
832865
737560
881279
820784
894117
736556
739136
765536
848294
771953
736494
788210
745005
799206
738601
909637
792185
992574
789536
751635
739092
945851
735309
879279
736814
841876
924896
752602
964495
934221
874590
843525
897948
795956
762725
817274
803939
741491
754117
977028
820019
753181
854965
766411
736642
752179
880590
741838
877819
972436
778654
880094
763182
750414
738624
746660
750629
921237
738737
743818
967938
888198
809663
742597
736950
855493
814484
737236
966718
962409
757699
758561
857754
758204
897651
741320
745521
780922
793404
741569
928314
838430
744425
991132
784108
741921
930055
873931
737810
876128
802305
934201
846442
735061
946999
740445
740148
753337
868136
743040
868000
978445
886197
755347
741417
761645
946150
960753
788016
857887
896540
738672
929558
822771
745759
901735
812339
751978
744630
784886
737743
827370
747701
878260
746358
772557
744086
735872
898315
801454
847604
738120
771641
948296
738090
942476
975820
772110
737107
863750
967521
830177
799404
748170
766328
737963
737259
918261
882076
746562
862277
808298
791326
751427
801239
739386
745968
734872
905461
751297
955085
739940
780481
898447
811508
970629
995030
844757
795523
746902
813991
827961
924283
738070
805719
735025
938864
891138
784820
822303
924230
812779
927555
825191
761992
944283
883475
882464
741582
740371
743542
738781
860467
997970
919107
736809
775410
823536
842346
822300
735997
995490
772084
997975
786760
914474
772312
742880
830962
737016
743463
754029
758348
739051
786141
813554
774510
755743
799483
735070
860692
736023
789786
747011
737632
735148
736014
746692
744495
748194
971281
898999
738307
826324
975670
761996
962619
836052
790666
922240
840545
804826
740894
745307
760065
952000
933254
767916
997958
736137
818119
818321
747366
737624
779935
885484
810923
745415
848985
813397
972391
952750
984055
736234
762156
812652
740881
762107
746263
780401
956940
920548
953896
739964
742600
772333
736067
966814
738265
857981
818708
894226
920803
758044
894084
738673
754934
780557
944180
792668
795985
758734
860841
740136
932196
744729
762710
823924
765179
738894
955342
748368
846387
752104
906092
736830
899727
797274
756754
862496
797493
846524
805752
935265
737262
736494
770002
917077
782553
775259
744301
918584
786786
804146
984332
970469
759016
809934
967360
961169
888051
744989
743942
882251
975964
763212
920294
736279
981458
788818
782934
737112
742606
770648
992045
738071
933487
741389
938829
741534
814790
806748
820246
811712
735658
851802
766392
736783
769108
741088
754167
844635
756203
741639
800030
840758
782585
774236
739511
765703
790253
822026
737309
756643
741931
848087
739124
893373
985824
963416
763700
924424
747889
959271
799057
740207
753459
740114
883993
874893
969549
853952
950391
750586
744157
863544
798795
905513
918995
979464
952681
802879
738683
743086
749730
739248
735775
746252
902949
864563
989077
832932
739088
997976
809767
879693
833404
805842
798877
965630
735728
803367
743903
735772
744397
986212
736458
909500
825042
921619
973449
812221
736505
787189
742611
874907
985388
795478
767428
736642
741242
758777
943177
737241
787775
827715
813975
876902
766200
987722
858034
848246
912714
862707
736755
822338
758138
736319
875242
894261
737921
872472
740697
738857
736523
737261
894307
886949
992573
736613
905320
831375
771696
973787
735075
792075
736299
774968
838277
746126
836591
927394
741234
744191
824928
766004
992968
747324
831232
977288
743328
865533
916926
746782
965788
738716
736020
798919
972721
960022
907918
807325
813131
742855
939210
978155
899391
766110
967924
735341
738269
922497
735212
913241
923234
736802
769971
823771
789224
735932
747493
922998
981563
993545
746524
807220
739809
973356
894325
977215
739987
847877
965824
738519
927434
848181
981585
840300
738647
835184
801605
736351
937423
754428
954371
736463
765885
904148
984278
800027
984973
859501
924536
790043
794902
873797
735983
770917
739378
749363
947946
737326
884956
737251
836603
771281
813213
856373
968941
739639
875456
741046
834135
784395
846942
850701
946503
853104
736903
737594
736474
933170
759884
860388
740139
738387
767952
917292
738066
775488
802920
893026
843260
984385
741137
746119
738122
755955
744353
846158
736379
752085
823367
821593
746892
744298
748744
890247
908849
755462
739511
883466
835749
884035
873351
992512
898792
761297
819834
761263
871441
774203
836616
878669
817618
797218
840626
738372
838506
879252
783168
829140
921166
785449
938336
853859
899693
736967
950831
768473
875665
972169
954973
958735
828652
869171
753723
839950
810117
837532
856454
880657
758190
739772
737060
914787
781265
883846
943509
767596
824505
847637
737166
783769
764283
849036
873676
993563
737373
775831
822807
736541
822051
908063
801907
799484
798724
960499
739636
744209
813895
752216
775513
935689
808271
998516
847412
959560
735575
737062
846268
807611
738883
890278
766978
787004
822998
742877
748787
885551
751554
842489
863085
974196
991164
739653
951805
739429
914166
762195
871405
753002
802275
841375
738578
736105
744583
765885
736189
910141
739885
824790
945007
789046
744937
884186
767815
876282
890734
