735228
835068
982618
828877
775711
778103
850775
757067
757030
734714
803705
737939
933714
787389
735304
743220
812502
912168
831236
865452
966340
737440
738388
978103
853275
947214
892934
758405
748694
833513
737933
781102
831361
769410
737024
735653
736278
858151
739386
809923
814477
948756
814560
854489
752142
998017
737868
751942
746956
736610
917050
976861
898103
738804
751420
884849
799819
865278
780230
735513
789820
810251
814319
761439
937750
741726
962820
743952
835558
834590
791598
742369
941559
963879
968100
745068
739112
808090
999517
908431
806387
969557
816424
738247
862961
773178
971992
979940
838201
787451
929589
825272
747809
900460
736855
837350
781360
749662
759429
746092
957920
822247
769319
739830
735499
739101
739697
756769
888827
744111
993069
754550
800212
909399
753081
775478
970184
766207
941776
969054
951786
743228
926352
763589
785785
735790
957004
841948
795392
736257
886301
977788
785123
877662
961870
742309
971505
856552
736302
783525
735413
756899
807527
846005
939647
909397
908016
809803
852855
756472
735985
744920
927466
828339
870124
890501
932528
734672
911491
956417
789771
862514
760033
887553
777790
873550
755248
831832
738474
736363
735871
921843
737191
792407
751851
829112
783177
896577
786262
777057
999523
908821
817235
798031
833451
863346
859693
751573
844659
735308
804547
766789
874688
874517
884752
897055
942222
994457
785078
955307
944262
793399
848406
737240
736090
844042
795985
771552
892541
961024
736878
918460
877135
738781
786748
991546
739960
881917
784608
739993
987232
881515
763229
744205
768221
867039
933340
866237
909154
845001
782739
756242
953656
781022
735031
746320
949050
985756
932919
828186
747702
883364
740224
998515
767829
742193
742252
888365
957524
785568
735635
737013
736727
738373
780008
774870
906328
779012
789386
985078
923946
826320
913835
775182
738046
901484
753080
987024
922263
898632
999032
897876
741869
968058
900627
780424
742371
746142
757130
935989
908631
734876
928681
736553
885638
841321
856191
848436
810148
966719
834771
861738
806696
736628
840975
735180
845879
940203
843159
771237
932655
736476
745040
810463
748478
848389
745718
759212
846911
814375
740839
744049
767223
758221
794696
737672
841449
738404
973352
909021
942405
736128
795766
761936
855879
754821
748568
925356
962570
950666
936300
869349
765552
981323
738569
740763
930332
983367
972387
741990
931374
992981
943309
989074
767708
889215
738871
742299
784267
755722
904412
820084
924104
735390
740992
882060
874026
736842
747088
741662
793536
745958
976184
755162
735692
797624
741691
736868
743255
851336
768358
744608
896776
744224
736253
736463
739404
784188
753496
748821
739961
737057
740718
944354
736899
739342
886816
917749
750693
738543
863152
759490
738779
811181
794136
933794
738817
737923
820101
779503
736567
749845
747523
759146
744300
795543
937957
886433
736942
885990
801520
751793
919533
932053
749169
739931
734616
755860
756870
905977
881213
782567
830908
781210
889556
875044
812233
779559
887906
748084
766457
736384
785978
811592
899832
740583
927268
829359
786948
979580
737182
764717
791428
858062
928380
991054
773827
849049
745097
736632
748043
996044
734712
866708
758776
766906
756784
960615
822490
928185
818250
804970
740503
734736
805913
860810
972348
737987
745710
973670
735829
791240
791406
738881
815295
738550
936396
954558
806840
933424
876655
870958
800803
736891
932519
738700
817121
791527
735616
794971
754438
737832
741319
761479
742695
931072
861870
743405
746825
953385
781539
738003
991621
775044
744226
778681
916721
735873
735768
891970
864295
882076
758608
766126
769321
803545
859294
753574
981040
854062
803804
744174
775396
807012
767986
734717
767117
813932
777178
748267
736394
772832
750889
775844
960267
913381
740129
744462
783260
746500
750246
746638
755032
735792
843746
739622
861359
916881
826327
736096
744384
827916
949328
817360
751344
852355
938549
832104
826880
924812
805780
745216
738535
991485
742355
885217
838127
750305
933856
737385
912037
951187
752330
822303
866100
749645
909976
861117
857954
780462
954674
952859
855114
736837
861123
925963
809319
846718
747248
745959
751816
789182
743815
762091
963689
736829
736299
953552
814394
807665
737728
990055
742999
755761
833877
818518
828781
744484
790036
867417
968669
758836
888863
833699
969763
821958
790806
936003
995480
795908
829766
776377
832926
743803
825210
863078
954217
743144
898014
767460
794254
777488
946196
736885
741831
805846
738059
736128
749934
738335
964255
877961
934592
886595
834647
755034
744030
735852
748989
759244
752562
838190
757825
745512
781185
735922
976267
737673
842171
947592
734708
735837
776680
983575
739538
872127
873094
846672
752424
758445
735913
765535
947990
990080
961541
824485
881733
765969
829190
859067
788427
767219
913879
790803
811125
734282
812560
874397
797196
735882
743953
742344
741373
751373
735022
947260
741335
777758
931347
738695
747813
899453
764095
877181
814668
736251
958680
739013
736998
736804
735938
740300
855887
875312
944628
748588
739714
739569
853847
739282
735453
772866
927819
826609
737591
735442
738264
752113
938653
960225
800669
811567
951084
741019
801519
892590
740083
930888
740711
752409
777907
860872
780380
736229
742449
901474
744857
737559
778094
734816
960900
968689
871066
751870
753666
978178
737557
796867
860762
751382
966149
839582
820664
848727
835423
756981
737069
742425
961530
780936
991529
734411
778991
760903
804190
883112
742266
922521
745378
761959
770912
941592
772754
782237
737843
859193
825122
755323
900528
972386
848414
737090
921673
796453
874064
789579
734244
755617
737475
806477
784415
933989
857452
858336
743500
747583
869224
754921
737725
887755
892695
855385
767959
739072
744884
807403
856911
738097
736748
955478
749672
743757
965533
816699
756652
736691
934582
739097
784658
838150
953627
920675
756587
983345
797895
735087
999018
764623
992577
740206
742467
879920
872435
948530
739026
904577
735857
750085
866042
755706
818361
739388
734500
779102
740969
741822
749210
739481
889281
893135
822182
894167
746114
941756
884259
856433
862797
939622
869642
830256
964630
772736
858945
872665
745472
740200
737585
743984
812385
902901
847970
961359
913683
810935
772750
908996
906985
976150
782845
963815
789643
928041
887672
755360
751359
869613
806321
906964
743286
787824
994947
769827
926377
970372
736799
753241
808448
867504
891281
912262
984196
886511
739025
737313
850050
977374
734335
754101
886682
746944
792927
891068
787095
736424
993485
737870
780971
778858
780347
761696
750517
799145
910635
795020
819194
747756
742430
872439
871459
807864
937176
736657
816855
896528
947422
944996
978340
736224
903804
911387
837797
884821
737581
735765
762054
797997
792174
836481
742879
877831
828233
849531
735565
919073
926120
938164
736761
930684
751516
965630
744975
906643
797352
976451
840536
736590
738639
763132
945308
851584
800361
759936
886434
976472
753207
761110
776278
975926
922019
785728
856926
737895
871479
991080
890352
787603
768689
771579
803807
873624
