508499
508499
508499
508499
508499
508499
508499
508499
508499
508499
508499
508499
508499
508499
508498
508499
508499
508499
508499
508499
508499
508499
508499
508499
508499
508499
508499
508499
508499
508480
508499
508499
508499
508499
508499
508499
508499
508499
508499
508499
508499
508499
508499
508499
508499
508499
508499
508499
508499
508499
508499
508499
508499
508499
508499
508499
508499
508499
508499
508499
508499
508499
508499
508499
508499
508499
508499
508499
508499
508499
508499
508499
508499
508499
508499
508499
508499
508499
508499
508499
508499
508499
508499
508499
508481
508499
508499
508499
508499
508480
508499
508499
508499
508499
508499
508499
508499
508499
508499
508499
508499
508499
508499
508499
508499
508499
508499
508496
508499
508499
508499
508499
508497
508499
508499
508499
508499
508499
508499
508499
508499
508499
508499
508499
508499
508499
508499
508499
508499
508499
508499
508499
508499
508499
508499
508499
508499
508499
508499
508499
508499
508499
508499
508499
508499
508499
508499
508499
508499
508499
508499
508499
508499
508499
508499
508499
508499
508499
508499
508499
508499
508499
508499
508499
508499
508499
508499
508499
508499
508499
508499
508499
508499
508499
508498
508499
508499
508499
508499
508499
508499
508499
508496
508499
508499
508499
508499
508499
508499
508499
508499
508499
508499
508499
508499
508499
508499
508499
508499
508496
508496
508499
508489
508499
508499
508499
508499
508499
508499
508499
508499
508499
508499
508499
508499
508499
508499
508499
508499
508499
508499
508499
508499
508499
508499
508499
508499
508499
508499
508499
508499
508499
508499
508499
508499
508499
508499
508499
508499
508499
508499
508499
508490
508499
508499
508499
508499
508499
508499
508499
508499
508480
508499
508499
508499
508499
508499
508499
508499
508499
508499
508499
508499
508499
508499
508499
508499
508499
508499
508490
508499
508499
508499
508493
508499
508499
508499
508499
508499
508499
508499
508499
508499
508499
508499
508499
508499
508499
508499
508499
508499
508499
508499
508499
508499
508499
508488
508499
508499
508499
508499
508499
508499
508499
508499
508498
508499
508499
508499
508499
508498
508499
508499
508499
508499
508499
508499
508499
508499
508499
508499
508499
508499
508499
508499
508499
508499
508499
508499
508499
508499
508499
508499
508499
508499
508499
508499
508499
508499
508499
508499
508499
508499
508499
508499
508499
508499
508499
508486
508499
508499
508499
508499
508499
508499
508499
508499
508499
508488
508499
508499
508499
508499
508499
508398
508499
508499
508499
508499
508499
508499
508499
508499
508499
508499
508499
508499
508499
508499
508499
508499
508499
508499
508499
508499
508499
508499
508499
508499
508499
508499
508499
508499
508499
508499
508499
508499
508499
508499
508499
508499
508499
508499
508499
508499
508499
508499
508499
508499
508499
508499
508499
508499
508499
508499
508499
508499
508499
508499
508499
508499
508499
508499
508499
508499
508499
508499
508499
508499
508499
508499
508499
508499
508499
508499
508499
508499
508499
508499
508499
508499
508499
508498
508499
508499
508499
508499
508493
508499
508499
508499
508499
508499
508499
508499
508499
508499
508499
508499
508499
508499
508499
508499
508499
508499
508499
508499
508499
508499
508499
508499
508499
508499
508499
508499
508499
508499
508490
508499
508499
508499
508499
508499
508499
508499
508499
508499
508499
508499
508499
508496
508499
508499
508499
508499
508499
508499
508499
508499
508499
508499
508499
508499
508499
508499
508499
508499
508499
508499
508499
508499
508499
508499
508499
508499
508499
508499
508499
508495
508499
508499
508499
508499
508499
508499
508499
508499
508499
508499
508499
508499
508499
508499
508499
508499
508499
508499
508499
508499
508499
508499
508499
508480
508499
508499
508499
508499
508499
508499
508499
508499
508499
508499
508499
508499
508499
508499
508499
508499
508499
508499
508499
508499
508499
508499
508499
508499
508499
508497
508499
508499
508499
508499
508499
508499
508499
508498
508499
508499
508499
508499
508497
508499
508499
508499
508499
508499
508499
508499
508499
508499
508499
508480
462296
508499
462296
508499
508499
508499
508499
508499
508499
508499
508499
508499
508499
508495
508499
508499
508499
508499
508499
508499
508499
508499
508499
508499
508499
508499
508499
508499
508499
508499
508499
508499
508499
508499
508499
508499
508499
508499
508499
508499
508499
508499
508499
508499
508499
508499
508499
508499
508499
508499
508499
508499
508499
508499
462297
508499
508499
508499
508499
508499
508499
508499
508499
508499
508499
508499
501020
508499
508499
508499
508499
508499
508499
508499
508499
508499
508499
508499
508499
508499
508499
508499
508499
508499
508499
508499
508499
508499
508499
508499
508499
508499
508499
508499
508499
508499
508499
508499
508499
508499
508499
508499
508499
508495
508499
508499
508499
508499
508499
508499
508499
508499
508499
508499
508499
508499
508499
508499
508499
508499
508499
508499
508499
508499
508499
508499
508499
508499
508499
508499
508499
508499
508499
508499
508499
508499
508499
508499
508499
508499
508499
508499
508499
508499
508499
508499
508499
508499
508499
508499
508499
508499
508499
508499
508499
508499
508499
508499
508499
508499
508499
508499
508499
508499
508499
508499
508499
508499
508499
508474
508499
508499
508498
508499
508499
508499
508499
508499
508499
508499
508499
508499
508499
508499
508499
508499
508499
508499
508499
508499
508499
508499
508499
508499
508499
508499
508499
508489
508499
508499
508499
508499
508499
508499
508499
508499
508499
508499
508499
508499
508499
508499
508499
508499
508499
508499
508499
508480
508499
508499
508499
508499
508499
508499
508499
508499
508499
508461
508499
508499
508499
508499
508499
508499
508499
508486
508499
508499
508499
508499
508499
508499
508499
508499
508499
508499
508499
508499
508499
508499
508499
508499
508499
508499
508499
508499
508497
508499
508485
508499
508499
508499
508499
508499
508499
508499
508499
508499
508499
508499
508499
508499
508499
508499
508499
508499
508499
508499
508499
508499
508499
508499
508499
508499
508499
508499
508499
508499
508499
508499
508499
508499
508499
508499
508499
508499
508499
508499
508499
508499
508499
508499
508499
508499
508499
508499
508499
508499
508499
508499
508499
508499
508499
508499
508499
508499
508499
508499
508499
508499
508499
508499
508499
508398
508499
508499
508499
508499
508499
508499
508499
508499
508499
508499
508499
501020
508499
508499
508499
508499
508499
508499
508499
508499
508488
508499
508499
508499
508499
508499
508492
508499
508499
508499
508499
508499
508499
508499
508499
508499
508499
508499
508499
508499
508499
508499
508499
508499
508499
508499
508499
508485
508499
508499
508499
508499
508499
508499
508499
508499
508499
508499
508499
508499
508499
508499
508499
508499
508499
508499
508499
508499
508499
508499
508499
508499
508499
508499
508499
508499
508499
508499
508499
508499
508499
508499
508499
