0
0
0
1
0
0
702986
0
0
0
0
0
0
0
0
0
0
0
425609
1
3
1
0
0
792020
0
0
0
0
0
0
0
229682
0
0
0
0
0
0
0
0
299163
979988
0
0
940277
0
0
0
0
179665
12
0
710546
0
0
0
0
0
930591
0
0
574375
880423
960375
0
0
0
0
1
0
3
0
369428
0
0
0
0
821659
0
0
0
0
0
0
0
0
524827
0
169641
15
409637
0
599760
0
870424
1
0
0
0
0
0
0
0
663081
0
0
0
0
0
415774
0
0
640213
1
25
0
1
920715
9
138751
0
0
0
0
0
680445
609946
0
0
0
910787
0
0
79440
419665
0
0
0
0
0
0
0
0
0
1
0
1
643272
0
0
0
0
0
0
0
0
1
0
0
0
0
0
0
3
0
0
0
0
0
549743
0
0
0
0
569792
0
0
0
385887
0
0
1
0
267063
0
0
1
128910
0
0
289403
0
0
0
485200
0
359420
0
0
0
0
0
0
860488
0
0
0
0
0
0
49554
0
692886
623761
0
0
0
0
760516
871292
0
0
1
17
2
800704
0
0
950258
0
0
286867
0
0
0
219760
0
950458
910448
0
0
0
0
0
7
0
40038
0
0
0
0
1
0
89438
0
0
0
0
0
620002
0
0
4
0
1
0
129972
0
534735
0
0
28
0
0
0
0
1
109794
0
0
0
0
752372
0
0
0
0
0
0
0
0
881113
0
0
49936
0
0
0
0
589606
0
139855
0
0
0
0
439591
0
0
0
980028
0
579757
1
0
0
0
0
0
217818
613883
0
0
18
239698
99350
4
0
0
0
0
740598
339227
0
0
0
0
1
30
168666
0
0
0
0
159650
0
0
810622
0
0
0
0
0
0
0
0
0
8
0
0
0
0
0
0
0
0
499566
0
0
0
0
0
0
0
0
2
0
770471
0
0
99813
0
29
0
0
0
1
0
780560
30
0
0
435462
0
0
920385
0
0
0
0
0
1
0
1
0
0
0
19966
850415
1
0
0
0
0
0
309083
34
4
0
197983
1
0
989976
0
227845
0
1
0
0
1
495115
0
28
455352
0
0
831602
0
346471
0
0
30
0
148734
0
1
0
544676
0
276998
0
39558
0
0
0
0
0
0
14
0
0
459788
0
0
329116
0
0
594124
188144
1
269590
0
32
1
0
0
0
0
0
0
0
0
449695
0
0
249709
395870
604111
0
0
469640
1
782154
1
0
0
0
0
890550
376176
0
0
0
0
149735
0
32
1
2
0
319141
0
0
930338
0
0
0
564520
0
0
762254
389469
901022
0
0
326581
0
0
9916
0
0
0
0
0
509636
0
0
0
0
21
0
0
0
0
0
0
0
0
0
0
0
0
0
4
0
584262
0
0
0
0
730562
0
109209
0
9901
0
0
0
0
0
0
0
29
0
0
0
479702
0
0
0
0
0
0
0
0
0
519798
0
0
720664
0
1
989931
0
0
0
0
0
0
0
0
0
0
119033
0
0
0
0
700477
0
489671
0
0
0
0
0
0
247389
0
0
336449
0
1
0
673041
2
650342
0
683047
0
0
5
790629
0
504933
0
0
0
1
0
732654
296845
0
0
0
0
4
0
0
0
0
0
0
0
7
4
0
30125
0
772301
0
0
0
0
0
69729
26
0
257314
34
0
0
0
9
0
209634
0
0
1
9
0
0
0
529729
0
0
0
0
0
861433
1
306707
0
0
0
0
30
2
0
0
670492
0
514981
1
1
0
0
0
0
31
0
0
0
0
0
0
0
379461
158679
1
0
0
0
0
0
0
0
0
0
660276
0
0
0
0
0
399662
178454
0
0
0
0
0
1
0
0
405878
0
0
0
0
0
0
259687
366301
32
0
0
0
0
539759
0
0
0
2
0
0
0
0
0
59789
0
0
742581
0
0
59504
960156
0
0
12
0
28
237609
0
0
970266
0
0
0
0
0
0
0
7
820587
0
0
429576
0
0
0
1
0
0
1
0
0
0
0
0
0
0
89866
349332
0
465445
5
0
0
0
0
475324
0
0
69512
207919
0
316566
0
0
356409
0
690371
4
0
0
0
0
0
0
0
0
19909
0
0
0
0
0
0
0
801867
0
0
0
0
199637
0
0
0
0
1
0
900609
0
0
0
0
0
712808
940534
29881
0
0
12
0
0
0
0
0
0
0
1
0
0
0
0
0
0
0
4
0
0
0
6
630052
0
119906
0
0
0
811600
0
0
0
0
0
0
0
0
0
445489
722876
0
0
0
830587
0
0
0
653159
0
0
750555
0
0
554605
0
0
4
0
0
0
0
0
0
0
2
0
970181
0
0
25
0
0
0
559788
0
0
0
0
0
23
189628
0
633631
851390
0
0
79716
0
0
0
0
0
279469
0
1
0
0
1
0
0
841585
0
0
0
0
0
1
0
0
0
0
0
0
0
0
0
0
0
0
890989
1
0
840571
0
0
0
0
