0
0
139
0
0
0
378
9
0
0
0
395
697
0
0
0
875
0
0
0
0
0
0
0
0
0
196
0
0
0
0
674
0
0
0
0
0
0
209
0
818
0
0
0
925
0
0
411
0
0
0
0
0
0
0
575
0
213
969
0
58
0
0
0
0
0
0
0
0
0
0
0
0
0
0
799
0
0
0
0
115
0
0
0
0
0
0
0
0
0
0
0
0
0
0
0
0
0
868
0
0
0
0
0
0
0
745
755
0
509
0
0
0
0
0
128
0
0
0
0
169
350
0
528
0
0
0
0
0
0
0
0
0
0
362
0
762
0
0
0
667
0
0
0
0
0
0
0
639
0
0
0
0
0
0
0
0
0
0
495
0
0
77
0
0
0
0
338
438
0
0
0
0
0
696
0
624
0
0
0
0
913
0
0
623
902
0
33
0
0
0
52
0
602
0
0
0
556
986
0
0
0
0
584
0
992
634
0
0
0
0
0
0
0
0
0
0
0
179
0
0
610
0
0
0
0
763
217
0
0
611
0
0
0
0
0
0
0
0
0
0
0
0
0
0
787
0
0
0
748
0
0
0
816
467
102
782
260
0
0
245
0
423
944
0
0
0
0
0
0
0
0
0
0
427
168
0
0
0
0
186
838
0
0
0
0
0
0
0
248
0
0
0
0
0
0
0
0
0
0
0
0
0
0
0
305
0
0
97
0
0
0
0
0
0
0
0
0
0
0
0
0
0
0
448
0
94
463
0
0
0
0
0
0
149
0
0
0
0
144
0
0
0
0
0
0
0
0
0
0
0
0
0
0
0
101
0
0
0
0
0
0
0
0
0
0
0
0
0
0
0
0
0
0
0
0
0
0
543
0
0
0
0
0
0
0
0
0
0
0
0
0
407
0
0
473
0
0
0
0
0
0
0
0
0
0
0
0
519
0
0
323
650
0
0
0
0
0
0
0
0
0
0
0
0
0
0
0
0
120
0
0
0
0
689
845
0
0
0
0
0
0
0
574
0
0
0
0
0
0
0
0
0
0
0
0
334
0
776
0
0
706
0
0
0
0
0
0
387
0
0
266
0
0
0
0
0
0
979
0
977
0
292
0
0
0
0
0
0
0
0
0
0
0
0
0
0
0
0
0
0
0
0
0
561
0
394
0
0
0
0
0
0
0
0
0
0
0
0
0
280
0
53
0
0
677
0
0
0
0
0
0
0
0
0
0
497
0
0
0
0
369
0
0
0
0
190
0
0
0
0
0
0
0
0
0
0
0
894
0
0
474
0
0
452
0
0
0
0
0
0
0
0
0
0
0
0
0
0
87
0
0
0
0
0
0
0
0
0
0
0
325
931
0
0
0
0
0
0
0
0
879
367
489
0
0
0
0
0
0
158
0
549
0
0
0
666
0
0
594
0
0
0
0
0
0
792
0
0
0
0
351
0
0
42
856
0
864
0
0
846
0
0
0
0
0
0
0
0
106
128
8
0
0
0
0
909
0
0
0
0
0
481
0
0
0
0
0
0
486
0
0
0
0
0
0
0
0
447
0
808
0
0
0
0
0
0
0
0
0
0
0
32
0
0
0
796
0
0
0
0
0
0
0
957
0
0
0
0
739
0
962
0
0
832
0
656
563
0
0
224
0
855
338
974
0
0
0
0
0
417
286
0
0
0
658
0
160
0
0
720
0
0
0
67
0
310
0
0
0
0
732
0
0
0
634
0
0
0
0
0
0
994
0
0
0
0
0
0
0
0
0
0
0
0
0
0
0
825
0
0
0
0
278
0
585
681
0
0
0
0
0
0
0
0
0
0
0
0
0
327
946
226
0
648
0
0
0
919
0
0
0
437
0
0
0
0
0
0
0
0
0
0
0
0
0
0
110
0
0
0
0
0
382
0
0
402
0
0
0
0
0
0
0
0
0
0
0
0
0
0
0
255
0
137
0
597
0
0
0
0
0
237
0
709
0
0
0
0
0
0
903
535
516
0
0
522
0
0
0
0
0
0
0
0
0
0
0
0
0
0
300
0
152
805
0
0
0
0
0
0
0
0
0
0
0
0
0
0
503
0
0
0
536
718
0
0
0
0
731
0
0
0
42
0
0
0
769
68
0
0
893
0
0
0
0
0
0
316
0
0
0
0
0
0
0
0
0
237
196
0
0
0
0
0
267
0
0
0
0
0
0
0
0
0
0
0
0
23
0
0
0
0
688
0
0
0
839
0
0
0
0
0
0
886
753
0
0
182
887
0
430
85
0
0
866
205
0
19
0
