0
933499
466176
0
0
1
0
96859
0
645263
0
0
3
833542
0
133060
0
0
0
0
0
0
0
0
32306
0
806159
532699
966767
800057
0
355254
0
0
0
0
0
0
0
0
0
0
0
0
0
0
0
0
0
66387
0
0
0
0
0
419374
0
0
7
0
0
0
0
0
0
366063
0
0
0
0
0
0
0
0
0
2
332587
0
0
766915
0
6
0
0
0
0
0
0
3
161614
0
0
0
0
0
838548
599657
566171
0
0
0
0
0
0
0
0
0
0
870938
0
64455
0
4
433021
0
0
0
0
0
0
0
0
0
0
451860
299268
0
699833
0
226190
0
0
0
0
0
0
900198
4
9
0
0
0
0
0
0
0
0
0
666636
322987
0
0
0
2
0
484297
0
0
0
0
0
677430
0
0
266065
0
0
0
516569
0
633161
0
0
499190
0
967825
0
0
0
0
0
0
0
3
0
0
0
387374
1
0
0
258272
0
0
8
0
0
0
548587
0
0
0
0
0
773903
2
0
0
866753
233092
733416
0
0
0
0
0
709758
0
0
0
0
0
0
0
129040
0
0
0
2
399245
0
0
0
0
0
0
0
0
0
0
193866
0
0
0
0
0
0
0
0
0
0
0
0
0
0
935520
0
2
0
903122
166182
0
0
0
0
290532
199858
0
0
32938
0
0
0
0
0
0
99639
0
0
0
0
0
0
0
580883
2
0
0
0
0
0
0
0
0
0
741811
0
613425
0
0
