0
0
469379
0
279690
0
644294
899651
0
0
0
0
32
0
0
0
0
0
0
7
525218
0
0
249953
0
98893
0
0
829842
0
0
366681
0
0
0
0
0
88982
0
0
0
0
0
0
0
0
0
0
0
0
8
0
0
1
108637
359400
832239
535100
0
0
0
589897
0
0
0
0
0
0
639733
0
0
0
0
0
0
0
0
0
0
690070
0
0
0
0
0
0
0
0
0
19983
4
0
0
699978
0
0
0
0
0
0
0
0
0
0
0
0
0
0
0
0
0
729691
0
0
0
0
0
0
709928
220186
0
789599
326877
29974
0
0
0
0
0
0
449321
0
0
0
396548
0
0
0
0
0
0
0
0
0
1
0
0
0
839805
0
0
0
0
0
0
439285
0
0
0
0
0
0
0
406449
0
0
0
0
0
0
515399
0
0
0
0
0
0
0
0
749813
0
0
0
0
861799
0
879863
0
0
33
0
0
0
554937
0
247308
0
0
10
0
31
0
0
0
0
0
0
2
0
0
120022
0
0
28
0
0
319283
0
0
0
624405
0
0
0
0
0
674074
0
0
0
0
0
0
859784
138301
39785
0
0
0
769739
0
911179
0
237322
0
0
0
0
0
0
0
0
0
168023
0
0
0
0
619881
0
9
901348
49464
0
419403
19598
0
802506
0
0
569747
0
32
0
0
177898
0
0
0
69185
0
0
0
0
0
22
0
0
389244
0
0
0
0
539478
0
0
0
0
0
0
703801
170211
0
29429
0
475502
0
0
0
0
0
436100
0
0
0
529459
0
0
0
0
0
549605
309343
0
0
0
0
0
0
0
0
0
0
0
0
0
0
0
0
14
0
0
0
0
0
5
7
0
0
0
0
0
0
148154
0
0
0
0
150244
0
0
0
759849
0
0
0
0
0
0
0
0
0
0
0
0
0
0
0
0
0
0
0
505630
822235
0
0
0
356556
871619
949815
970560
0
0
0
0
217590
0
0
679918
0
485493
0
733414
0
0
0
0
0
0
0
0
0
0
0
0
0
0
0
0
0
0
0
772933
0
10
0
0
0
10
0
841995
0
0
0
0
0
559840
0
0
0
0
0
0
0
989823
0
0
0
0
604831
0
0
0
940764
0
0
158184
426397
489427
289621
0
0
0
809794
0
37
399336
1
0
0
990327
0
0
0
0
0
0
0
39335
0
386471
0
0
0
0
0
0
0
654229
0
0
0
11
0
664081
0
779706
0
0
0
0
0
0
0
0
0
0
26
0
0
0
950675
564989
0
24
0
693930
1
0
0
669545
0
0
0
0
0
0
919682
0
1
0
0
0
0
0
0
0
0
812255
0
0
0
0
0
0
0
0
0
929651
0
0
659626
519491
0
0
0
297108
0
0
35
0
0
0
0
0
0
465494
0
0
0
0
257280
0
49889
649657
0
614533
0
0
0
792727
0
939675
0
0
0
0
346552
0
0
0
109914
0
0
0
0
594981
0
0
0
0
0
0
0
0
909716
0
0
0
0
0
921000
0
0
0
0
0
0
0
0
0
0
0
0
0
0
0
317091
0
0
455635
99851
0
0
0
28
0
0
0
0
0
0
0
0
0
0
336812
479443
0
0
200289
0
723469
0
0
610074
140143
0
349277
0
0
739725
287254
0
1
0
0
0
0
0
0
0
0
0
0
0
0
38
0
0
0
0
0
579881
239958
495527
0
0
0
0
0
0
0
0
584990
0
0
0
0
0
0
0
930810
0
0
379168
0
0
0
0
307025
0
36
0
0
207619
743231
0
227439
0
0
0
0
0
0
0
0
79900
210223
0
0
277375
0
881615
0
0
0
0
79070
429275
0
0
0
0
0
0
0
0
0
0
0
0
753134
0
0
0
0
118493
0
59848
4
0
0
0
0
0
0
128255
299534
0
339365
445829
7
0
329431
0
0
0
0
376536
782702
0
0
11
160089
0
190224
197560
0
0
0
0
851854
0
0
0
0
0
0
1
545062
0
0
0
0
0
0
187640
267334
0
969797
9718
0
269851
0
0
0
0
0
0
0
634436
0
0
575002
0
180222
0
0
0
0
0
0
31
0
0
0
0
799730
0
1
0
0
89940
0
8
0
0
0
0
629897
0
0
0
0
0
509395
0
0
7
0
0
980452
0
0
0
0
33
0
0
38
0
0
0
0
762999
0
0
69933
0
0
0
0
889692
230029
0
0
0
0
9948
0
0
0
0
1
0
0
130065
13
0
259977
0
459311
0
16
0
0
0
959830
0
0
0
0
59261
0
39
719847
869753
0
0
0
0
0
0
0
0
684050
416446
0
0
599777
819857
0
0
15
0
0
0
0
1
0
409409
0
3
0
0
0
849714
0
0
0
0
0
891604
0
0
0
960603
0
0
0
0
979772
499394
0
0
0
1
0
0
0
0
0
4
0
0
0
0
0
0
0
0
0
369098
0
0
0
713718
0
0
0
0
0
0
0
0
0
0
31
0
