452928
452928
452928
452928
452928
452928
452928
452928
452928
452928
452927
452928
452928
452928
452928
452928
452928
452928
452928
452927
452928
452928
452928
452928
452928
452928
452928
452928
452928
452928
452928
452928
452928
452928
452928
452928
452928
452928
452928
452867
452928
452928
452928
452926
452928
452928
452928
452928
452928
452928
452928
452928
452928
452927
452928
452916
452928
452928
452928
452928
452928
452928
452925
452928
452928
452928
452928
452928
452928
452928
452928
452928
452928
452928
452928
452928
452928
452928
452927
452928
452928
452928
452928
452928
452928
452928
452928
452928
452928
452928
452927
452928
452928
452928
452928
452928
452928
452928
452928
452928
452928
452879
452928
452928
452928
452928
452928
452928
452928
452928
452928
452927
452928
452927
452928
452928
452928
452928
452910
452928
452928
452928
452928
452928
452928
452928
452928
452928
452928
452928
452928
452928
452928
452928
452928
452927
452928
452924
452928
452928
452928
452928
452928
452928
452928
452928
452928
452928
452913
452928
452928
452928
452867
452928
452928
452928
452928
452928
452928
452928
452928
452928
452928
452928
452928
452928
452928
452928
452928
452928
451983
452928
452928
452928
452928
452928
452928
452928
452928
452928
452928
452928
452928
452928
452928
452928
452928
452928
452928
452928
452928
452928
452928
452928
452928
452928
452924
452928
452928
452928
452928
452928
452928
452928
452928
452928
452928
452928
452928
452928
452928
452928
452928
452928
452918
452927
452928
452928
452794
452902
452928
452928
452928
452928
452928
452928
452928
452928
452928
452928
452928
452928
452928
452928
452928
452928
452928
452928
452928
452928
452928
452928
452928
452917
452928
452928
452912
452928
452928
452927
452928
452928
452928
452928
452928
452928
452928
452928
452928
452928
452928
452928
452928
452928
452928
452928
452928
452928
452928
452925
452928
452928
452928
452928
452928
452928
452928
452928
452928
452928
452927
452928
452928
452928
452928
452928
452928
452928
452928
452868
452928
452928
452928
452928
452928
452928
452927
452928
452928
452928
452928
452928
452928
452928
452928
452928
452928
452925
452928
452928
452928
452928
452928
452928
452928
452928
452928
452928
452928
452928
452928
452928
452928
452928
452928
452928
452928
452928
452927
452928
452928
452928
452928
452928
452928
452928
452904
452928
452928
452928
452928
452928
452928
452928
452928
452928
452928
452928
452928
452925
452927
452928
452928
452928
452928
452928
452928
452928
452928
452928
452928
452928
452928
452928
452928
452928
452928
452928
452928
452928
452926
452928
452928
452928
452928
452928
452928
452928
452928
452863
452928
452928
452928
452928
452928
452928
452928
452928
452928
452928
452928
452928
452928
452928
452928
452928
452928
452928
452928
452928
452928
452928
452928
452928
452928
452928
452928
452927
452927
452928
452928
452928
452922
452928
452928
452925
452927
452928
452928
452928
452928
452928
452928
452928
452928
452928
452928
452928
452928
452928
452928
452928
452928
452928
452928
452928
452928
452928
452928
452927
452928
452928
452928
452928
452928
452928
452928
452928
452928
452928
452928
452928
452928
452926
452925
452928
452928
452928
452749
452928
452928
452927
452928
452928
452928
452928
452928
452928
452872
452928
452928
452928
452928
452928
452928
452928
452928
452928
452928
452928
452928
452928
452924
452928
452928
452927
452928
452928
452928
452928
452928
452928
452928
452928
452928
452928
452928
452928
452928
452928
452928
452928
452928
452928
452928
452928
452928
452928
452928
452928
452928
452928
451904
452928
452928
452928
452928
452928
452928
452928
452920
452928
452878
452928
452928
452928
452928
452928
452928
452928
452928
452928
452928
452928
452928
452928
452928
452928
452928
452928
452920
452928
452927
452928
452928
452928
452928
452928
452928
452928
452928
452928
452928
452928
452927
452928
452928
452928
452928
452928
452928
452928
452927
452928
452928
452928
452927
452928
452928
452928
452928
452928
452928
452928
452928
452928
452928
452928
452928
452928
452928
452928
452928
452928
452928
452928
452859
452928
452928
452928
452928
452928
452928
452928
452928
452928
452928
452928
452928
452928
452928
452928
452928
452928
452928
452928
452928
452928
452928
452928
452928
452928
452928
452846
452928
452928
452927
452928
452928
452928
452928
452928
452525
452928
452928
452928
452928
452928
452928
452928
452928
452928
452928
452928
452928
452928
452927
452928
452928
452928
452928
452928
452928
452928
452928
452928
452928
452928
452919
452928
452928
452928
452928
452928
452928
452928
452928
452928
452928
452928
452928
452928
452928
452928
452928
452928
452928
452928
452928
452928
452928
452928
452928
452928
452928
452928
452928
452928
452928
452870
452928
452928
452928
452927
452928
452928
452928
452928
452928
452928
452928
452928
452928
452928
452928
452928
452927
452928
452928
452928
452928
452928
452928
452871
452928
452928
452928
452928
452928
452928
452928
452928
452927
452926
452928
452928
452928
452928
452922
452928
452928
452928
452877
452928
452928
452928
452928
452928
452928
452928
452928
452928
452928
452928
452928
452928
452928
452928
452928
452928
452928
452928
452928
452928
452928
452928
452928
452928
452928
452928
452928
452928
452928
452928
452928
452928
452928
452928
452928
452928
452928
452928
452928
452928
452928
452928
452928
452928
452928
452928
452928
452928
452928
452928
452928
452928
452928
452928
452928
452928
452928
452928
452928
452928
452928
452928
452928
452928
452928
452928
452928
452928
452928
452928
452928
452928
452928
452928
452928
452009
452928
452928
452928
452928
452927
452928
452919
452928
452928
452928
452928
452877
452928
452928
452928
452928
452928
452926
452928
452928
452928
452928
452928
452928
452928
452928
452928
452927
452928
452928
452928
452926
452928
452928
452928
452928
452926
452928
452928
452925
452928
452928
452928
452928
452928
452928
452928
452928
452928
452928
452928
452928
452928
452928
452928
452928
452928
452928
452928
452921
452922
452928
452928
452928
452928
452928
452928
452927
452928
452928
452928
452928
452926
452928
452928
452928
452928
452928
452928
452928
452928
452928
452928
452928
452928
452912
452928
452928
452928
452928
452928
452928
452928
452928
452911
452928
452928
452928
452928
452928
452928
452928
452928
452928
452928
452928
452928
452928
452928
452928
452928
452928
452928
452928
452928
452928
452928
452921
452928
452928
452928
452928
452928
452928
452928
452928
452928
452928
452928
452928
452928
452928
452928
452928
452927
452928
452928
452651
452928
452928
452928
452928
452928
452928
452928
452928
452928
452928
452928
452928
452928
452928
452928
452928
452928
452928
452928
452927
452928
452928
452928
452928
452928
452928
452928
452928
452928
452928
452927
452928
452928
452928
452928
452928
452928
452928
452928
452923
452928
452928
452928
452928
452928
452928
452928
452928
452928
452928
452928
452928
452928
452927
452928
452928
452928
452928
452928
452928
452928
452928
