0
0
0
0
0
0
0
0
0
1
891143
990122
0
0
0
0
0
960142
0
0
0
0
650194
197078
0
0
0
0
0
0
0
683719
0
0
385537
250384
624073
0
0
0
0
345829
0
0
0
0
0
8
0
0
0
0
0
0
0
0
0
0
0
0
210367
276482
0
0
970048
147984
490181
0
0
0
634053
0
0
0
355662
0
0
0
0
809821
0
0
0
0
0
187186
8
0
0
0
0
0
0
21
0
2
80091
180577
0
0
0
0
0
0
0
0
0
0
49876
0
729697
0
0
0
0
0
0
1
0
0
0
0
0
0
0
0
0
130672
0
0
0
0
693614
0
2
0
0
59906
0
0
851501
365557
0
0
594371
0
0
0
460129
600203
0
0
0
544581
88659
0
0
230267
0
0
240359
0
340114
0
0
0
0
0
0
0
0
0
0
0
0
1
510102
0
0
445123
0
0
0
0
0
0
0
26
0
0
0
0
812297
0
0
0
0
0
0
0
0
0
0
326187
0
0
0
0
0
0
0
0
0
157704
0
559959
0
0
59231
0
0
1
0
0
0
0
0
4
0
0
0
0
654000
0
8
0
167456
0
0
0
1
0
474624
0
0
0
0
0
709793
0
0
0
0
0
0
206983
0
0
723407
14
0
0
0
0
0
839794
0
0
0
504508
0
0
0
0
0
405438
0
802369
0
0
0
0
0
49394
310240
0
0
260311
0
425343
0
0
0
540038
1
0
0
0
0
4
0
160818
0
0
0
226970
660289
150832
0
0
0
330099
0
0
604267
0
0
0
0
0
0
759566
0
0
829735
0
0
0
0
266661
0
0
1
0
0
0
0
0
0
120542
1
0
0
0
0
0
861339
0
0
0
0
0
8
0
1
0
0
0
779683
870078
0
0
19754
0
0
0
0
0
128072
0
0
0
0
0
970525
534510
590013
0
980164
286498
290339
0
350093
0
0
0
0
0
1
782587
670239
0
0
0
920140
0
930050
20
0
0
5
0
614006
0
0
4
0
930916
0
16
0
719597
0
0
0
0
0
370155
0
0
0
0
0
68914
0
0
170732
0
4
0
0
18
0
0
0
430344
0
0
0
0
950731
118119
0
0
10089
0
0
0
0
0
0
0
0
0
0
0
0
0
0
0
296206
2
0
0
0
0
0
0
499990
0
110444
629933
673933
0
0
0
11
2
0
0
0
1
0
0
881186
380166
0
0
0
0
0
3
0
0
0
306103
753085
15
0
0
0
0
0
0
0
0
26
390284
0
0
0
841715
0
0
108155
0
190452
0
0
2
0
0
320117
0
280371
0
0
620063
799559
0
549995
200513
0
0
0
713472
0
0
831858
0
0
1
0
40092
0
0
0
0
0
769713
0
39491
0
0
0
0
0
0
0
0
0
0
0
0
0
22
0
0
0
0
0
0
0
0
0
0
0
0
0
584243
0
0
0
0
0
0
464813
0
0
9855
0
0
0
0
0
2
0
0
0
0
0
0
0
0
0
0
580138
0
0
470114
570037
0
435295
0
733197
0
0
0
0
819813
0
4
0
0
300304
494528
822130
0
0
0
0
256684
0
0
3
0
216899
30097
78836
0
0
0
0
524583
0
0
0
0
70062
0
0
0
990078
0
3
0
454939
0
0
0
0
0
0
8
0
0
792452
0
0
2
0
0
0
0
0
960673
0
0
0
2
0
980321
0
11
0
0
0
0
0
0
0
0
0
0
0
0
138041
440358
0
0
0
0
0
0
0
0
0
11
849815
0
901178
772629
0
0
663811
0
336077
0
0
0
0
0
0
0
0
690062
0
0
0
743114
0
0
0
0
0
0
0
0
0
0
0
0
0
0
0
0
0
0
9
789546
0
0
395585
316227
0
0
0
0
0
0
514575
610090
0
29600
900093
0
0
246818
0
859922
940797
0
0
0
0
100194
0
0
871221
0
0
0
0
0
1
0
90148
0
236793
0
0
0
0
0
0
0
0
0
0
0
0
0
0
0
0
0
0
26
574345
5
0
12
0
0
0
0
0
0
0
480206
0
739696
0
0
0
400220
699938
0
0
0
0
911022
360027
910193
0
1
0
0
0
680137
0
0
177322
0
0
0
0
0
0
0
98435
0
0
519958
0
0
0
420360
0
0
0
0
20097
0
0
0
0
0
0
0
0
0
0
0
0
0
0
0
0
921006
0
270365
0
19
23
0
749615
0
0
0
0
0
0
0
950202
0
450214
0
644039
0
0
0
0
0
0
0
0
220252
0
0
0
140716
0
0
703559
0
0
564397
0
7
0
0
0
0
0
0
0
0
4
0
375557
0
554523
484613
0
0
0
0
0
0
0
0
0
0
0
0
4
0
0
22
1
0
0
0
0
0
0
0
0
940063
0
0
880057
530087
0
415442
0
0
0
0
0
640099
0
0
0
410236
0
0
0
4
0
0
0
762977
889952
0
0
0
0
0
0
0
0
0
0
0
0
0
0
0
