0
0
716440
4
0
0
2
0
300314
267190
639702
0
0
0
583521
0
0
557784
0
0
0
883292
0
0
0
500049
0
0
0
688580
868731
0
0
0
0
133749
0
0
0
0
3
0
25
0
0
393736
0
183659
0
0
754115
0
934118
0
0
0
0
492107
0
0
316938
616544
0
0
0
41
0
0
0
0
0
0
0
649922
0
360959
0
0
82108
0
0
800080
0
0
0
0
0
0
22
0
0
666660
333783
0
377534
0
0
1
0
0
0
0
0
0
0
933733
0
0
0
0
0
0
0
0
0
0
0
0
0
150431
0
0
0
0
0
0
147992
0
100337
0
0
0
0
0
0
0
167130
566876
0
0
466709
0
766481
525082
0
0
0
0
311741
0
0
0
0
0
0
0
0
483468
0
114827
0
0
0
0
0
0
33211
0
0
0
16371
0
16
0
0
0
0
0
866391
0
0
0
901407
0
0
0
0
0
0
44
47
0
0
0
49984
0
0
0
0
0
0
0
2
0
733134
0
0
0
0
117116
0
10
0
0
0
0
43
0
0
0
0
0
0
0
2
213349
0
0
0
0
295498
0
0
541411
0
0
229610
0
0
0
917759
426518
0
36
6
0
0
0
0
0
0
0
0
180704
0
0
0
0
0
0
2
1
0
49
98444
0
0
0
0
49504
0
699992
0
0
0
0
0
0
0
508865
0
0
0
0
599793
0
53
0
0
0
31
885137
0
0
9
0
0
0
0
0
0
0
0
0
279128
65827
749698
0
0
0
2
0
787002
672486
0
0
0
475658
0
0
0
0
0
0
0
8
30
131356
0
0
0
0
0
0
0
250350
433260
0
0
0
0
0
803409
350231
0
0
0
0
0
0
0
0
0
0
0
0
0
0
0
400063
606919
0
0
66871
0
590699
0
0
344491
983350
0
0
0
0
0
0
0
0
0
0
0
0
0
366900
0
0
0
0
0
83648
0
0
0
443013
0
550384
3
0
262747
0
0
0
0
0
0
0
0
0
783279
0
623189
0
966615
0
283755
0
0
3
0
449985
16
0
0
950102
0
0
0
0
0
0
0
633227
0
770596
0
246257
0
0
0
0
0
1
0
0
683166
0
0
0
0
737905
0
0
0
0
0
16762
0
0
0
0
0
704935
0
916958
0
0
0
200194
0
0
0
0
533655
0
0
0
0
721191
0
3
0
0
0
0
852234
10
0
0
0
0
383645
0
0
0
0
836103
0
0
0
966918
0
0
0
0
0
0
0
196981
0
0
328129
0
0
0
0
0
233677
0
6
0
39
0
0
0
0
0
0
459473
0
32789
0
849781
1
217029
819713
0
0
0
0
0
0
816660
0
0
0
0
0
0
516881
0
0
0
416723
0
0
0
1
410117
0
0
0
950613
1
833354
15
0
0
4
0
164375
18
0
0
0
0
0
0
574207
0
656052
0
0
900197
0
28
0
0
0
0
0
0
19
0
0
0
983242
0
0
0
0
