810064
810064
810064
809979
810064
810063
810064
810064
810064
810064
810064
810064
810064
810064
810064
810064
810064
810064
810064
810064
810062
810064
810064
810064
810064
810064
810064
810059
810064
810064
810064
810064
810064
810064
810064
810064
810064
810064
810064
810064
810064
810064
809947
810060
810064
810064
810064
810064
810064
810062
810064
810064
810064
810064
810064
810064
810064
810064
810064
810064
810064
810064
810064
810064
810064
810064
810064
810064
810064
810064
810064
810064
810064
810031
810064
810064
810064
810064
810064
810059
810064
810061
810064
810064
810064
810064
810064
810064
810064
810064
810064
810064
810064
810064
810064
810064
810064
810064
810064
810064
810064
810062
810064
810064
810064
810064
810064
810064
810064
809980
810064
810064
810064
810064
810064
810064
810064
810064
809250
810064
810064
810064
810064
810064
810064
810064
810005
810064
810041
810064
810064
810064
810063
810064
810064
810064
810064
809936
810063
810009
810064
810064
810064
810059
810064
810064
810064
810064
810064
810064
810064
810064
810064
810064
810064
810064
810064
810064
810064
810061
810064
810064
810064
810064
810064
810064
810064
810064
810064
810064
810064
810064
810064
810064
810064
810064
810063
810064
810064
810064
810064
810064
810064
810061
810064
810064
810064
810064
810064
810064
809979
810064
810064
810063
810064
810064
810064
810064
810064
810064
810064
810064
810064
810064
810064
810064
810064
810064
810064
810064
810064
810064
810064
810064
810064
810064
810064
810064
810064
810064
810063
810064
810064
810064
810064
810064
810063
810064
810064
810062
810064
810064
810064
810064
810064
810064
810064
810064
810064
810064
810064
810064
810064
810055
810064
810056
810063
810064
810064
810064
810064
810064
810064
810038
810064
810064
810064
810064
810064
810064
810064
810064
810058
810064
810064
810064
810064
810064
810064
810064
810064
809824
810064
810064
810064
810064
810064
810064
810063
810064
810064
810064
810064
810064
810064
810064
810064
810064
810064
810064
810064
810064
810064
810064
810064
810064
810064
810064
810064
810064
810064
810064
810064
810064
810064
810064
810060
810064
810064
810064
810064
810064
810064
810064
810064
810064
810064
810064
810064
810064
810064
810064
810064
810064
810064
810064
810064
810064
810064
810064
810064
810064
810064
810064
810064
810064
810064
810064
810064
810064
810064
810064
810064
810063
810064
810064
810064
810062
810064
810064
810064
810064
810064
810063
810064
810064
810064
810064
810064
810064
810064
810064
810064
810064
810064
810064
810064
810064
810064
810064
810064
810062
810064
810064
810037
810064
810064
810061
810064
810064
810064
810064
810061
810064
810064
810064
810064
810064
810064
810064
810064
810064
810064
810064
810064
810064
810064
810064
810064
810064
810064
810060
810064
810064
810064
810064
810064
810064
810064
810064
810064
809924
810063
810064
810064
810064
810064
810064
810064
810064
515096
810064
810064
810064
810064
810064
810064
810064
810064
810064
810064
810064
810064
810062
810064
810064
810064
810064
810064
810064
810064
810064
810064
810064
810064
810064
810064
810064
810064
810064
810064
810064
810064
810064
810064
810064
810064
810064
810064
810064
810064
810064
810064
810064
810064
810064
810064
810064
810064
810064
810064
810064
810064
810064
810064
810064
810064
810064
810064
810064
810064
810064
810064
810064
810064
810064
810057
810064
810064
810064
810064
810060
810064
810064
810064
810064
810064
810063
810064
810064
810064
810064
810064
810064
810064
810064
810064
810064
810064
810064
810064
810064
810064
810064
810063
810064
810064
810064
810064
810063
810064
810064
810064
810064
810064
810064
810064
810064
810064
810064
810064
810064
810064
810064
810064
810063
810064
810064
810064
810063
810064
810064
810064
810064
810064
810064
810061
810064
810064
810064
810064
810064
810064
810064
810064
810064
810064
810064
810064
810064
810064
810064
515063
810064
810064
810064
810064
810064
810064
810064
810064
810064
810064
807697
810064
810064
810064
810064
810064
810064
810064
810064
810064
810064
810064
810064
810064
810059
810064
810063
810064
810064
810040
810064
810064
810064
810064
810063
810064
810064
810062
810064
810064
810064
810064
810064
810064
810064
810064
810064
810064
810064
810064
810064
810064
810064
810064
810064
810064
810064
810064
810064
810064
810061
810064
810064
810062
810064
810064
810064
810064
810064
810064
810064
810064
810064
810064
810064
810064
810064
810064
810060
810064
810064
810064
810064
810064
810064
810062
810064
810064
810064
810064
810062
810064
810064
810064
810064
810064
810064
810064
810064
810064
810064
810064
810064
810064
810064
810064
810064
810064
810064
810064
810064
810064
810064
810064
810064
810064
810064
810061
810064
810064
810064
810061
810064
810064
810063
810064
810064
810064
810064
810064
810063
810064
810064
810063
810064
810064
810064
810064
810064
810064
810064
810064
810064
810063
810064
810064
810064
810064
810064
810064
810064
810064
810064
810062
810064
810064
810064
810064
810064
810064
810064
810064
810064
810064
810064
810064
810064
810064
810064
810064
810064
810064
810064
810064
810064
810063
810064
810064
810064
810064
810064
810063
810064
810064
810064
810064
810064
810064
810064
810064
810064
810064
810064
810064
810017
810060
810061
810063
810064
810064
810064
810064
810064
810064
810064
810063
810064
810064
810064
810064
810064
810064
810064
810064
810064
810064
810064
810064
810064
810064
810064
810064
810064
810064
810064
810064
810064
810064
810064
810064
810064
810064
810064
810064
810064
810064
810064
810064
810064
810064
810064
810063
810064
810064
810064
810064
809985
810064
810064
810064
810064
810064
810064
810064
810064
810064
810062
810064
810064
810046
810064
810064
810064
810064
810064
810064
810064
810064
810064
810064
810064
810064
810064
810064
810064
810063
810064
810064
810064
810064
810063
810064
810064
810064
810064
810064
810064
810064
810064
809099
810064
810064
810064
810064
809100
810063
810064
810063
810064
810064
806410
810064
810063
810064
810064
810064
810064
810064
810064
810063
809632
810064
810064
810064
810064
810064
810064
810064
810064
810064
810064
810064
810064
810064
810064
810064
810064
810063
810064
810064
810064
810064
810060
810064
810064
810018
810064
810064
810064
810064
810064
717245
810064
810064
810064
810064
810064
810064
810064
810064
810063
810064
810064
810064
810064
810064
810064
810064
810064
810064
810064
810064
810064
810064
810064
810064
810064
810064
810064
810064
810064
810064
810064
810064
810064
810064
810064
810064
810064
810064
810064
810064
810064
810064
810064
810063
810064
810064
810064
810064
810062
810063
810064
810064
810064
810064
810064
810064
810064
810064
810064
810064
810064
810064
810064
810064
810064
810064
810064
810064
810061
810064
810064
810064
810064
810064
810064
810064
810064
810064
810064
810064
810064
810064
810064
810064
810064
810064
810064
810064
810063
810064
810064
810064
810064
810064
810064
