0
0
0
0
0
0
0
4257
0
0
0
0
0
749
0
0
0
0
0
5683
1898
0
0
0
0
6695
0
0
0
0
0
0
1342
0
0
0
0
0
0
0
0
0
5068
0
7023
0
0
0
0
0
0
1492
0
0
0
0
0
0
0
0
0
0
0
0
0
2704
4651
0
0
0
0
0
5476
0
0
0
3275
0
0
0
0
0
0
0
0
0
0
0
0
0
7850
0
0
0
3851
0
7990
0
0
0
0
0
0
0
0
0
0
0
0
0
0
0
0
0
0
0
5847
196
9396
2643
0
4439
0
0
6067
0
7548
1110
5850
0
0
0
0
0
0
0
0
6840
0
0
0
0
6272
0
202
0
0
2118
0
0
0
0
0
0
0
9419
0
0
0
0
0
7237
0
0
0
0
8447
0
0
0
8402
0
0
0
0
0
0
0
0
0
0
1306
0
9195
0
0
0
0
8774
0
0
0
0
0
0
0
0
567
970
0
0
0
0
3864
0
9808
0
0
9607
0
0
935
0
0
0
4631
8966
8050
3669
0
0
0
0
0
0
5042
0
0
0
2082
0
8799
0
0
0
0
0
0
0
0
0
1156
0
0
2528
0
3097
1870
0
5248
0
3046
0
0
0
0
0
0
0
4053
0
0
6271
8238
0
0
0
0
0
0
0
3296
0
5273
0
0
0
0
0
0
0
0
0
7127
9208
0
0
0
0
0
0
0
7779
0
0
0
4257
8202
390
0
0
0
0
0
0
0
0
2893
0
0
0
0
0
0
0
4439
0
1679
0
0
0
0
0
0
1727
0
0
0
0
3677
0
0
407
0
0
0
2470
0
0
0
0
0
0
3486
0
0
0
0
0
0
0
0
0
0
0
0
0
0
0
0
0
9011
0
0
0
0
0
4058
0
0
7447
0
0
0
1540
0
0
0
0
6063
0
0
0
0
0
0
0
3482
0
0
0
0
0
6909
4834
0
0
0
0
0
0
2278
6473
0
0
9616
6445
7636
0
0
0
0
0
0
0
0
0
7323
0
0
0
0
0
0
0
0
0
0
8611
0
0
592
0
0
0
0
764
0
0
0
0
0
0
0
0
0
0
0
0
0
0
0
0
0
0
0
6639
0
0
0
0
0
0
5471
0
0
0
0
0
0
0
0
0
0
0
0
0
0
0
0
0
5648
0
8607
0
2332
0
2848
0
4873
0
0
0
0
0
0
9820
0
0
0
