0
0
0
917995
901545
0
10
183567
0
0
0
0
0
0
0
0
0
0
0
0
0
0
450961
3
4
0
130750
0
0
0
501064
0
295188
16132
196608
0
0
934579
0
0
0
750544
0
0
0
0
0
0
684281
0
0
3
0
147305
0
868732
540553
334053
0
0
0
0
0
0
0
0
0
0
0
8
0
0
0
0
0
3
0
0
524118
0
114382
344103
0
0
0
0
0
556822
589838
850200
0
573252
0
0
0
606192
0
0
0
283650
0
0
0
0
116880
81719
0
0
0
3
0
1
0
0
0
0
0
0
0
0
0
0
0
317235
0
474930
0
0
0
949913
0
3
0
0
0
0
0
0
376575
0
0
0
0
49133
267161
3
311544
245754
0
0
0
458579
852392
0
0
0
0
0
0
819554
0
65239
33333
0
0
0
0
885136
0
0
0
0
0
0
0
0
0
0
0
0
0
0
2
0
0
786616
0
0
7
0
0
0
0
0
800351
0
0
967076
0
0
900015
278621
0
0
0
966645
1
133575
409325
0
916804
6
0
0
4
0
0
0
0
0
0
0
83437
0
0
0
0
0
0
0
0
19
0
0
0
0
0
0
0
0
0
0
0
671849
163647
0
0
0
20
0
0
0
0
12
0
0
0
0
0
0
212811
0
0
0
0
0
0
0
0
327761
0
0
0
0
0
0
0
0
0
0
0
0
655483
0
507992
6
0
0
229316
0
0
2
442239
0
484246
0
0
0
367626
0
0
0
0
721035
550911
0
0
0
417823
200191
700785
0
0
0
0
0
0
0
5
0
883446
350715
0
0
534390
0
0
0
866780
0
0
0
0
0
0
0
2
4
0
1
0
0
7
0
634106
384524
491295
0
0
0
0
0
517614
770343
0
0
0
1
0
467532
0
0
0
0
0
0
180122
0
0
0
0
0
0
0
0
0
0
783643
0
0
32523
0
0
0
650761
0
0
0
0
0
0
250385
933361
0
98101
0
0
0
0
0
0
0
0
0
0
150262
0
0
0
0
0
0
0
233474
0
983608
0
0
0
100251
0
0
0
0
0
0
0
0
0
6
0
0
0
0
0
0
0
0
737325
622730
262064
0
0
0
0
667535
0
0
0
0
0
0
835952
0
0
0
0
0
0
0
0
0
567630
0
0
0
0
950681
360467
0
0
0
0
0
0
0
0
0
0
0
0
0
0
0
0
0
0
0
4
434352
3
0
0
0
704707
617366
0
166938
753664
0
0
0
401091
0
0
0
584239
0
216908
0
734054
392906
0
0
0
300443
0
816849
0
0
0
833394
600826
0
50030
0
0
0
3
0
0
18
66828
0
0
0
0
0
766966
0
0
0
0
0
0
0
0
0
688291
0
0
0
0
0
0
0
0
0
0
0
0
0
0
0
0
0
0
0
0
0
0
0
425783
0
0
0
717321
0
0
0
0
0
0
0
16984
0
0
983533
0
0
0
0
0
14
803042
0
0
639146
0
0
