0
0
0
0
0
3
3
0
0
0
1
0
0
0
0
0
0
548562
0
0
0
484198
0
0
0
0
0
3
0
0
516268
0
0
0
129218
133101
0
0
0
0
32
0
433114
866554
0
0
4
0
0
0
0
613035
0
323162
0
870995
0
0
0
0
0
0
466218
1
0
13
0
0
0
532999
0
0
0
32343
0
0
774194
0
645118
0
0
0
766442
419901
741929
0
0
0
0
0
0
0
6
0
0
0
0
0
0
0
0
0
0
0
0
0
0
833182
0
0
1
1
0
0
0
566502
0
0
33121
0
66482
0
0
0
0
0
0
0
97136
935477
0
0
233581
24
0
4
0
0
0
258484
0
0
0
333489
838776
0
933055
0
0
2
0
0
0
633238
0
0
0
0
20
0
4
0
161798
0
0
580952
0
0
355433
0
0
699966
366910
0
499661
0
599785
0
0
0
0
800134
0
0
0
0
0
0
0
0
225995
0
0
967713
0
0
2
966556
899712
0
0
0
0
0
677098
806459
709477
0
0
0
666683
64829
0
99869
0
0
0
0
29
0
0
2
0
0
0
0
0
0
0
1
0
0
0
0
3
0
0
8
0
0
0
0
0
0
400015
0
0
733153
0
0
0
0
0
0
0
0
0
0
0
0
3
0
1
266964
0
0
0
0
452238
0
0
0
0
200211
0
0
0
2
0
387593
0
0
166552
0
0
290899
2
0
0
300055
0
0
903276
0
0
1
2
3
0
193552
