945200
937485
978466
983597
978316
983524
938843
978249
947904
967086
967386
978333
950406
939985
967215
953210
978528
983641
983905
983823
983905
978387
967661
967597
978663
978338
942851
983927
944575
983946
938479
967583
978528
940665
983752
983536
941325
983673
946692
978413
967314
983960
937680
978468
978254
978337
937680
946692
978579
967383
967297
950406
967216
956472
978272
978548
983702
942076
983673
983637
983702
938843
983627
967507
967570
967386
983752
983823
939985
946692
978466
967451
946692
967263
983823
983937
967597
983752
967451
944575
949386
983823
967583
952594
967527
983794
947904
983627
967229
983641
978337
955727
983534
978338
967670
939985
944007
983937
967523
939414
978548
983735
978332
967478
938843
983752
983673
967086
984012
953888
983637
978472
942851
978241
983735
967263
983905
967583
978266
984012
967478
978745
983866
978338
967215
983752
983673
944575
937680
978332
983752
967461
947377
983752
967383
978548
938479
967473
978663
967215
950406
948592
978420
978337
978332
978339
967233
983823
978745
978553
978623
978272
967661
983548
978745
967233
967450
983866
983799
983752
938479
967219
954430
978339
967314
983706
978266
978241
952594
942851
978449
983799
967461
938479
949386
967583
937485
978375
978332
967473
983702
967086
978316
967572
983928
955727
950406
978339
983866
937680
944007
983937
967473
937680
978338
978663
967527
983794
967597
983937
983871
983620
983706
938479
983752
983620
978339
978337
967461
955105
967383
983871
983597
951317
978388
983534
978623
955105
937485
983928
967297
978332
967523
978548
952594
978579
967450
983702
949386
937680
967523
978468
983928
940665
967450
967263
941325
983735
978449
967523
946692
978249
949878
944575
983534
978388
967621
967473
943326
983620
978332
983673
978388
978272
952594
978256
978377
978272
983937
967473
978272
951317
967215
967551
983597
978266
978745
967570
940665
978249
983937
967461
983536
944575
942851
978623
983713
949386
983823
984012
967395
983960
967597
978472
978553
978272
952594
952594
983927
945200
947904
983597
967393
983536
967451
978579
943326
967621
954430
983706
978413
955105
978413
954430
951317
967395
983548
983905
967670
983713
967386
978449
939985
978338
983548
967233
967233
978256
949878
952594
978468
967297
967661
967229
978377
983928
967086
978256
978266
967393
939414
978413
978272
978387
983754
967395
955105
947904
983620
967263
953210
945940
983946
978387
967229
967451
948592
978316
967661
978337
978663
967263
983735
978663
967695
983871
967229
945940
967450
983524
967473
978553
978375
983752
967570
978254
937680
983673
967572
967461
967215
983761
978413
983823
967086
978623
967527
978623
967507
983713
937680
978745
978333
983823
978339
967451
983534
983946
946692
956472
978466
978337
956472
967219
983866
967523
949878
978375
967551
967346
983637
947904
952594
967583
978316
939414
983706
978316
952594
983702
967383
983946
951994
967086
983524
967297
978663
967395
939985
978375
983620
978333
978272
978272
978316
978745
967523
978339
978472
983937
983548
978553
978316
978272
983735
967297
967086
978339
967461
978468
967621
967395
983524
967386
967570
967527
983794
955105
983827
978466
967461
939414
967229
978256
937680
983641
978332
967551
967583
978266
983637
967461
983534
942851
938479
978333
978338
945200
983905
951994
983761
978272
956472
947904
978472
967597
983871
978468
983637
967297
978266
978579
944575
978254
978266
944575
967507
938843
983713
978745
955105
967507
967597
983627
978528
967597
978579
967478
978466
967216
947377
967386
978339
983597
967233
983823
978338
967219
945200
978413
967695
978256
978272
983706
983620
949386
949878
951317
978333
967216
978449
952594
944007
941325
938843
983794
942076
978189
967219
983627
967450
983702
978420
978338
978548
978553
978449
983866
978468
954430
948592
978189
945200
978189
978413
978375
954430
978338
945200
983637
983673
978388
967314
983597
950406
978472
967297
967583
940665
967393
983754
952594
967478
967695
978338
967263
983524
967523
978272
967473
945200
978189
967621
983823
937485
967621
967551
967597
947904
983713
951317
983524
978338
954430
945200
950406
978579
978449
978528
967523
978413
978338
967551
967507
978375
946692
978579
952594
967661
955727
967527
983752
956472
956472
983620
978388
938479
967523
983937
949878
978413
983927
937485
955105
978548
940665
983641
978579
978272
978449
983597
967219
967383
983946
983620
946692
967551
967233
967450
945200
984012
983928
942076
983702
978338
967583
967695
944575
952594
939414
983761
967451
967229
978472
967451
967583
937485
978548
983928
978249
967527
967314
978466
947377
983637
978266
983946
967383
967297
951317
978316
955105
978388
967386
967314
967219
984012
978272
978745
967297
967216
942851
967461
978377
938843
967523
983905
978745
983905
939414
967507
978579
978256
949878
940665
978466
978663
978449
967263
951994
954430
951317
978472
967507
954430
937485
978377
983866
983946
978548
967478
940665
955105
978548
983928
983534
978553
984012
947904
947904
983641
978472
983548
940665
978466
953210
983761
953888
983637
955105
978466
967523
983823
983823
978254
983871
939414
948592
967661
983752
978272
978388
967383
967395
983752
947377
967263
967386
967297
939414
949878
983752
967523
967523
955105
967507
983597
978548
978420
967523
978316
967478
951317
938843
949878
983960
983761
945200
951994
983702
947377
967670
983548
967661
978337
983827
948592
967386
967478
983960
967597
939414
983927
983536
967621
983827
983761
948592
983799
984012
983794
983673
978663
984012
983823
945940
978377
983536
983548
937680
942076
954430
978413
978388
944575
983702
978249
939414
967086
949386
983673
983960
955727
978466
978249
983627
978272
983927
978420
983827
967450
983641
983597
967393
967670
983827
978316
949386
942851
967621
978189
967507
983866
942076
949386
978266
967597
983597
978272
978254
939414
949386
938479
978338
948592
967314
967386
983866
983534
983637
967597
984012
951994
967551
941325
978377
983536
978256
967523
978528
978420
967695
983761
983761
943326
937680
983597
983524
983641
978266
967478
967086
945940
967263
978316
967395
967233
983946
967216
942851
953888
983702
940665
967583
978333
978249
967583
967086
983905
967395
983597
978375
967523
983702
983761
955105
967478
978332
978333
978339
967450
978466
978468
967527
983794
967395
978338
967473
983928
983937
978553
947904
978337
939414
967621
951317
978375
978241
967670
942076
967478
946692
983752
978745
967583
978254
943326
978413
967551
967215
983799
967670
983927
978332
939985
983713
942851
967383
942851
967478
978420
983735
983713
978249
937680
983627
983799
983673
967478
978420
978413
956472
978256
978249
945200
983794
984012
978553
967473
954430
967346
944007
937485
945200
978272
950406
978332
983735
952594
978528
937485
967450
951317
967451
978254
967216
967314
967386
952594
978745
978623
983823
942851
978338
948592
951994
978375
938843
983673
967395
967461
978249
983713
947904
983752
967386
967551
978189
967386
983960
978249
938479
983752
983761
983871
967219
978388
983937
983641
967461
