996577
972785
961062
995077
962827
959362
962487
987593
977245
993565
995605
990021
979302
977391
969278
976165
951273
997070
966641
956771
979120
953168
991040
984087
987574
965991
975070
959192
955097
959703
953440
978835
952669
976644
995626
990070
993001
986751
990071
969927
985243
955253
957868
973687
995123
952344
952427
983539
981272
958296
973842
998065
951286
980720
958565
986214
977729
974877
965889
967685
987142
957296
975332
990071
973499
963929
994083
982836
962149
953942
963094
988147
972110
959112
995131
982721
998544
984586
991119
970668
960989
972371
997101
972124
971298
960211
975498
969516
974565
957651
999546
978297
958979
976693
969480
969378
993511
960510
984206
983246
998545
991625
951524
974916
954340
981852
956426
998560
992504
991545
969428
978320
958994
972658
988042
955326
975195
997103
956223
956346
980307
984335
973054
952495
953518
990595
974498
979794
998095
966322
996605
969353
987621
972013
997629
996589
980391
959036
986617
979556
976164
991105
964862
982277
962831
964332
970828
994098
965262
970199
990095
953362
985779
954334
978340
975488
973727
982344
962337
964751
955213
991634
974246
955485
970100
966469
979275
956405
999547
980802
986747
970943
999548
982190
992114
991572
990548
972967
959390
989647
983231
965436
984584
963658
956372
952350
963057
959527
971880
978395
952827
970540
996609
979695
980811
960272
980109
978888
959208
952624
976127
963109
993052
962113
973710
979332
998549
998096
976170
965656
983142
982732
986144
987298
963058
958632
961696
951495
975736
953450
973865
975937
962311
986620
954888
961255
985503
973075
958070
982752
997615
958233
988156
979229
980633
954512
972996
981349
982570
967624
959667
980250
998096
967430
980714
987689
963771
992540
981630
962442
976081
964932
995110
996076
958215
993060
954878
981201
972762
990582
972390
999050
970414
956444
958728
966513
988047
975883
953206
974756
963453
992127
966442
961909
972816
962854
964825
967093
966231
969426
997094
982134
997631
958603
992479
979777
959041
977824
999546
990025
966628
989052
963447
978218
999055
998069
971413
966812
975737
965723
966050
951483
960101
958630
995658
976674
976454
982569
995599
966679
961433
990613
974842
966849
953573
980282
968569
969316
995106
998529
965858
960192
962545
966354
965671
955574
967791
977390
993506
982835
951274
973652
983524
963523
959940
987657
974737
970456
955264
993500
985629
997613
993981
993562
995077
986672
980649
976510
971900
997593
978273
978358
989659
958304
986285
959321
967400
994547
969668
976584
989048
967871
959910
979841
954575
953718
988686
957549
953698
990148
955173
978208
982575
989220
957066
988541
953736
984179
969913
998059
996096
984315
994078
998554
955623
953583
958262
973121
989551
951433
986680
971402
982307
976056
955740
962347
971658
996605
969501
991653
972203
977222
962825
955634
959268
962495
978634
959010
984057
982059
985569
966259
979710
984112
953255
984736
953435
974932
960119
991140
952158
996625
972143
965794
976802
974370
967206
973739
956315
973724
962386
973189
999050
987060
974132
955881
965306
973036
989131
993484
978331
997597
968951
957508
977367
988555
989147
973891
999050
954761
962428
963026
987055
984736
995626
974381
986276
995662
991586
982154
977756
987744
979135
995077
958227
959889
971359
955370
971851
996125
972857
983505
975932
982119
983771
986716
988709
960940
966536
964174
982795
952862
963673
968183
970422
976288
973577
968091
955828
954513
988195
999548
977234
994581
970316
957727
977057
981660
988052
971962
962919
965957
998551
970612
992001
972935
978549
985552
963100
964569
986766
979470
956027
965969
991597
953744
999060
965334
985532
969024
992134
973705
976358
965316
993022
988028
951568
994093
978671
953804
984532
989543
980761
997594
969110
993521
976250
978828
980384
981111
995086
953684
989221
998095
995102
961319
984199
960493
954175
963700
977249
977946
957775
959502
953771
952471
993116
974791
976457
998059
954912
964031
987667
994571
987769
963456
979922
999548
978579
996126
978068
969792
972433
978210
999057
969020
971467
974736
977474
958856
975401
998561
962261
998559
998550
973861
959246
967679
964764
979312
990637
962503
977009
965114
986564
958228
971425
980349
954672
966792
999055
981619
985515
991053
959207
978846
994532
973067
978005
953963
999548
965650
989697
985558
997619
957513
972946
967641
990569
974694
974531
957762
961699
979227
960365
962642
966609
956639
957607
988047
976169
971091
961379
991507
958171
990139
988696
986559
972774
994562
981154
995057
967299
966124
998071
975901
982731
961586
978387
999054
969081
993092
974163
972829
980075
960969
999548
958446
981317
954096
969642
996612
979668
973204
991589
992147
980795
991572
995112
958381
995074
996625
963976
982790
991589
988099
955041
961419
985624
978438
984109
967175
999055
989524
964543
973581
993986
996588
979712
975102
966696
968688
978386
976952
973245
991018
968755
984210
971872
982841
978646
976743
966294
952266
982074
951276
978996
969750
954747
959616
997113
999548
993094
973257
989706
974547
979346
974260
980811
978402
973708
972659
962567
970010
975320
956786
990554
964720
970352
955902
962934
954252
970544
978921
979796
969432
984640
952819
991077
962894
960393
995122
966653
984562
986191
990208
952899
957956
959595
983522
963338
962977
962724
983574
976780
999548
961781
991589
984221
985532
990518
956983
958327
996610
977196
980581
956162
976818
954042
954679
998064
964299
968805
994041
984731
982249
959372
987278
952233
986085
973267
970002
995096
955910
962507
979654
965858
989187
989178
989204
961057
972137
967807
962682
986145
979423
960393
964179
960468
980266
997124
989524
957139
967645
964564
978642
992048
967345
952111
993074
985595
954373
992985
960637
963621
961918
972062
963910
993477
999546
974587
965204
955839
960410
982302
968517
988073
980862
969447
963654
965705
975826
958698
982644
953740
980698
974521
968582
978949
985744
990154
962516
952891
989003
981552
982646
967098
973935
970557
972488
988078
972799
984243
983543
959986
985135
981056
955345
988574
951892
983242
977808
963538
987726
957924
992473
990079
967042
977572
960772
987634
957301
979947
999547
969761
996085
990667
957035
993484
992021
964177
958562
968623
962854
962391
998086
961823
989562
988011
988625
976661
968303
987596
975269
984759
993028
963824
962006
974774
989585
980276
987201
973310
959125
961510
970020
996616
982836
993486
988071
977307
996612
990663
985544
958693
958804
985603
995595
999050
984036
957074
968721
997640
952425
971413
970186
982557
976668
978319
960791
963599
977399
981638
955794
966162
976820
954635
972358
983686
976912
966715
954223
967019
977194
990620
991023
962277
984190
988628
963262
952314
955278
987181
955033
997641
999053
964074
965160
972822
976730
961493
975221
996574
967394
994555
996622
999548
993093
998534
956762
977420
957567
956084
963330
969459
984570
998562
997594
954325
974107
955392
960447
991528
977966
972360
994061
968441
983286
971637
973142
956321
953242
960381
983128
998532
987646
992471
997606
986057
977933
