20168
0
0
0
78087
0
0
0
0
23635
0
0
0
0
5
0
0
0
0
0
0
98054
0
0
0
0
66022
0
0
68035
0
38087
0
0
0
0
0
0
76472
0
2
2
0
0
0
0
0
0
0
0
0
0
0
0
0
0
62082
0
64788
0
0
68619
0
85970
0
0
28022
0
46160
5860
0
13784
0
0
0
0
0
0
0
0
0
0
2
0
37411
0
0
0
0
0
0
0
0
0
29979
0
0
0
0
94094
0
0
0
0
0
0
0
0
0
0
0
0
0
0
0
0
0
0
72556
0
0
0
0
0
0
0
0
0
0
0
1
0
0
1914
16241
0
0
8159
0
0
0
0
0
0
0
0
0
0
0
1
88192
0
0
0
0
1
0
1
0
29583
0
0
0
22172
82208
0
41338
66647
0
0
0
45203
0
0
0
0
0
0
0
0
0
0
0
2
0
0
0
0
0
0
0
0
0
0
52115
0
0
0
0
0
0
90091
33490
0
0
9845
36038
0
0
0
0
90155
0
0
0
2
0
0
0
0
1
0
0
0
0
0
0
0
0
0
96122
50124
0
0
58978
0
0
19674
0
60943
0
0
0
7858
25619
1
0
94122
0
0
0
5
64105
0
33999
0
0
0
0
0
0
47195
0
0
51103
0
0
1
0
1
0
24166
0
3897
58031
0
2
10169
0
0
0
83995
0
0
0
31979
0
98114
0
0
0
0
0
1
0
0
15718
0
0
80320
0
0
92101
0
0
0
0
0
0
81988
0
49118
0
31511
0
6
0
0
0
0
0
0
0
0
0
0
3
0
84196
62863
0
0
2
0
43239
0
40081
14167
0
0
12196
0
0
0
0
0
0
0
1
70589
0
0
0
0
0
0
0
0
0
44177
27577
0
0
0
0
39399
0
55026
0
78427
0
0
0
0
0
0
54097
2067
0
0
2
0
0
0
60080
0
79997
0
0
0
1
0
0
0
0
70026
35473
0
0
0
0
48128
0
0
0
0
0
0
0
0
0
88058
72074
0
21691
0
0
0
76047
0
0
56015
92131
0
0
0
0
1
0
0
42149
0
96057
0
0
0
0
0
0
0
0
0
18226
26056
0
0
0
86182
0
53096
0
0
0
0
0
0
0
0
11832
1
0
0
74470
0
0
0
0
0
0
0
0
0
17695
0
0
57019
6094
0
0
0
0
0
4098
0
0
0
0
0
0
0
0
0
0
0
0
0
74091
0
0
0
