5030
0
0
0
90895
72771
0
50896
21913
14007
0
0
92910
0
0
0
0
0
0
82748
85952
0
0
0
0
0
0
0
69712
49899
1
0
0
1
0
0
52713
0
0
0
0
0
0
19936
0
0
80793
1
0
1
0
0
0
0
25027
0
1
1
0
0
89878
0
0
0
0
0
0
0
0
1
34704
1
0
0
0
79080
97997
0
0
0
0
0
0
0
0
26016
0
0
0
0
2
0
0
62763
0
0
0
0
68666
0
0
0
0
81030
0
1
0
0
0
55831
0
0
0
48924
0
36894
0
1
0
0
0
1
2
0
59586
0
0
0
0
0
0
0
0
1
0
0
0
0
0
0
1
1
0
0
0
1
0
0
0
0
63506
2
0
0
0
84973
1018
0
1
0
0
0
42991
84719
0
0
30897
0
35740
0
0
0
96000
81767
10072
0
1
0
0
0
1
60751
2022
0
12050
0
0
0
0
50729
0
0
1
0
58839
0
88897
0
1
0
1
0
0
1
0
0
0
0
52899
33770
0
0
0
95915
78119
0
0
0
28943
0
0
0
15015
39730
70303
0
0
0
1988
11782
0
1
93880
0
0
0
0
0
0
15996
0
0
0
0
0
0
0
0
0
0
0
1
46933
1
77113
0
0
0
0
72295
0
0
0
6012
0
93906
1
0
0
1
0
47934
1
79795
0
0
0
63754
0
0
61763
0
0
0
0
0
0
0
2
0
0
0
0
0
0
0
0
0
97052
0
0
0
82024
0
0
0
0
0
0
70770
0
0
1
1
0
0
0
0
0
0
0
0
0
0
0
1
0
0
86939
21721
0
0
90857
0
51729
0
0
0
49711
36751
0
3023
0
0
0
0
37723
0
0
1
0
0
0
0
0
0
0
16716
0
0
0
0
0
0
0
0
0
0
11102
0
0
98065
59763
0
0
0
0
44969
44748
1
73768
0
8077
6957
1
34980
0
0
0
0
0
0
0
0
0
0
0
0
0
0
0
53677
0
0
0
80057
0
0
0
0
0
0
0
0
0
0
74270
0
0
3
0
0
1
0
0
1
0
19761
6059
0
0
0
0
2
56612
0
65409
24695
0
56896
0
0
0
1
0
0
0
0
0
0
1
1
46735
7975
0
0
0
13027
0
0
89849
0
0
0
0
0
0
66615
1
0
0
0
0
0
41724
0
0
0
0
15729
0
87930
0
0
0
0
62499
0
0
0
7080
38707
0
92843
99026
0
0
0
0
0
1
0
0
0
0
0
1
0
0
0
0
0
0
0
27977
0
0
0
0
0
0
0
0
0
69351
25655
0
67391
0
0
0
0
1
1
71729
0
17954
0
0
1
30717
83718
0
0
0
0
0
3
0
0
1
0
0
0
0
14749
0
0
0
0
96950
68361
94997
0
0
0
17709
0
0
0
0
0
0
45765
1
0
0
0
0
0
0
0
16954
0
91828
0
0
0
0
12801
0
0
0
0
0
0
0
0
0
0
0
0
0
0
1
0
0
0
55637
2
84017
40745
0
0
0
32745
1
0
0
87814
0
0
0
45959
0
0
0
1
1
0
0
88827
0
39936
0
0
0
0
0
0
0
0
0
1
0
0
0
0
0
0
0
0
0
0
0
2
0
0
1
1
3028
0
2
0
0
0
0
0
0
0
51909
0
0
0
0
0
0
0
0
0
13758
0
0
0
1
0
76150
0
0
0
0
0
0
0
0
1
0
8879
0
0
0
0
91917
0
0
0
0
10825
0
41992
31915
0
0
0
0
0
0
48745
0
0
0
0
0
1
0
0
0
73288
0
0
75216
0
0
0
0
0
53864
0
0
1
0
0
23677
57610
0
0
1
0
0
18728
0
0
0
0
0
0
0
0
2
0
0
0
76752
1
0
61517
0
0
0
0
0
2
23985
82989
0
0
0
0
1
65718
0
33991
0
1
0
0
0
0
1
0
1
0
1
0
66414
0
0
0
0
85781
0
0
0
0
0
74750
0
0
0
22936
0
38887
64705
1
26967
0
0
0
0
0
43994
0
1
0
0
0
0
0
29685
9889
0
0
0
77736
0
0
0
1
98965
0
0
0
0
9124
0
78758
0
0
28662
0
0
0
0
0
29892
0
0
0
0
0
60571
0
0
26627
0
0
86774
57895
0
35936
0
0
0
1
0
0
0
0
0
75783
0
0
0
0
1
0
0
0
58616
0
0
0
0
0
22698
0
0
0
0
20943
1
0
0
0
0
67651
0
0
0
0
0
0
0
1
1028
47738
0
0
0
0
0
0
0
18921
0
0
0
94908
0
0
0
0
0
1
0
0
40995
0
0
0
37861
0
0
0
0
0
0
42713
0
0
0
32930
0
0
0
1
20765
0
0
31793
1
0
0
54828
0
0
0
0
1
71292
0
4027
0
27629
1
0
54691
0
0
0
0
0
4033
0
0
5040
43724
0
64475
0
0
0
0
0
0
0
1
0
0
0
