760045
739049
962105
736629
814790
771478
738527
769900
932939
739840
739045
933608
739795
768976
755484
831418
925485
799943
959862
969826
932649
820699
898160
985403
738725
995930
748501
992007
776133
875233
757255
743864
757317
985439
737888
868534
738202
834732
885496
742001
775053
907112
790687
802333
814393
937584
812745
751824
742947
795870
976857
969824
746365
976388
815915
801965
771177
840587
745502
827741
873290
738246
924267
994440
953755
835178
767994
792365
795922
974632
848193
740106
980470
924696
743978
741491
969268
769164
737416
766967
766787
779682
977414
808419
739589
742503
768807
913717
910145
926683
750409
736395
758814
773374
786583
864766
828642
741647
980952
767814
808904
768977
908356
906052
894561
748634
802711
973134
969795
738818
888170
737904
809045
737341
965923
816758
735925
825308
750470
892867
949240
736646
744074
991933
809339
786886
845421
838651
837690
758797
759544
743302
962558
851438
754123
744062
937266
836424
920488
860811
957215
789300
845086
764523
979017
990859
748493
820055
743160
814420
753292
834980
934410
741113
950805
741316
761055
985032
741385
739310
803610
738578
988957
813772
817051
746716
956828
839369
832633
906541
840956
738940
982452
919411
782155
791717
798044
737282
805030
746289
759241
864606
943576
817871
748014
749678
962495
776657
985389
873910
917933
808223
784777
824454
881982
867707
916008
931088
816256
922832
748696
954422
762417
896594
969891
806515
763827
814370
742037
742438
982925
888847
738274
974677
964860
840090
739886
836932
860126
971067
996901
740056
874447
887081
789935
750125
856780
737934
743535
765813
753707
934649
745936
920582
861937
773618
880784
817557
755267
739901
768645
857995
838011
742738
800167
933328
738387
749446
737299
966749
952345
917995
796466
925993
829752
799725
892978
780883
749647
855654
763284
765770
740341
911030
968751
784334
768269
744767
737290
761915
878957
913657
747945
996443
862685
858123
738702
735398
840694
738662
739849
843199
942326
750771
782389
855330
913311
753386
741757
861258
907830
989929
804069
766755
859736
739646
769139
743626
791865
739110
810958
853004
787196
745455
907596
899506
762934
917401
941113
822807
898852
837600
751123
746192
764908
902528
765200
774367
757585
773741
772112
809862
745679
924761
893940
741331
849165
736824
949229
898025
813228
836546
894529
892891
840857
747274
742076
987559
737255
799181
917785
803291
765436
748004
744286
738632
798091
908529
928200
998446
822747
782860
804966
797602
768445
852588
755930
766070
950418
742952
742245
805706
942956
986592
753716
736495
871631
760365
914005
755773
804507
757628
798481
796708
765685
959532
755877
794515
814868
736317
740851
921454
739654
759777
804022
939921
800544
742481
744934
737923
857045
742022
784402
757915
773734
812554
911159
943384
745777
937466
736609
752388
934978
890821
905096
756464
760530
796230
765366
782427
921155
831796
738290
773229
918202
830351
782800
742169
779007
880880
829500
765113
944753
785947
950061
742608
738502
790421
737686
757938
951934
758948
954216
737910
737475
796885
826873
882700
764151
779567
940871
736175
978133
819404
849385
944204
775524
986127
771170
738809
780842
745380
901956
798904
736451
853705
760866
747627
740426
806853
994407
917561
752686
786723
785734
737498
949871
889931
766122
811862
747388
898563
864516
999469
736387
804648
740414
991459
737951
745292
808466
737062
925452
812046
802475
791371
846872
790419
738867
737016
778987
741906
753803
940682
854202
743324
846879
758705
831674
736673
854300
893313
910533
748729
875038
742832
956673
950047
908346
790522
736851
737963
992925
739647
873485
738508
923695
767780
938142
875547
759868
765234
885834
927853
735568
737545
736586
739441
886477
753090
933769
768761
758987
746110
739083
744113
774983
773745
969305
838656
784541
984016
736778
927094
960630
737852
809136
768133
814351
735768
963537
956254
907144
794395
737798
773199
781602
745462
886774
755610
738674
752204
875443
888968
794037
760836
754813
876697
862469
735299
894304
768653
758092
875984
954719
782342
735840
823989
867508
906023
737548
782944
873888
859072
781216
853484
818455
919859
740037
806495
818209
813808
904078
742962
966566
739672
992455
880486
877841
736937
846297
765524
913793
761667
942506
872188
737056
798946
871602
972218
763476
820545
900719
737453
967980
757561
757759
736558
736765
804202
747639
742780
834593
740703
793092
946283
937995
746399
740142
827819
914330
789286
988392
738238
771417
750555
862175
907464
962351
813030
756333
834673
736337
741044
746674
971063
744622
971282
869418
750211
765355
969349
753598
745013
860758
956208
759029
792000
751013
745972
773293
818620
750326
739982
826739
963811
779482
759273
941623
738939
754090
751302
756289
744971
822535
987541
880413
771980
857157
746189
735746
794518
742169
737065
747098
765390
736176
740123
886792
860484
879859
747244
784280
737999
936336
743760
736728
794341
857760
803395
738414
971849
736611
759421
989407
850708
765428
771405
889508
737626
951992
756702
766401
737820
837477
888524
782569
784000
991340
847116
739457
748017
751776
738340
736705
737263
944514
775560
909680
756088
899754
737180
781894
835999
737058
738095
788208
901876
879166
747469
860319
737846
742616
915459
738574
738971
770261
913552
831503
749070
877140
751818
788584
758883
763423
832289
773830
864780
972318
770234
736750
736155
951684
815129
743368
962304
805081
858708
855338
774123
844880
738750
737346
735478
813228
848585
777729
737412
912155
990375
802038
754014
738764
752936
750958
763528
989473
749091
982906
756906
945751
739328
739624
916535
945104
939039
749102
811969
887039
892059
737637
948314
947488
736316
962428
863998
737327
996916
798544
737233
820338
787994
865960
766838
739184
842775
880451
775955
746699
819747
737598
753951
744816
760005
869470
736218
803960
978761
979210
745061
742007
966207
953813
929165
741550
743510
788528
747878
875361
862097
968765
776664
838780
738004
796290
983918
740818
917844
947164
797063
743771
876355
748496
801550
736988
745233
766857
747114
752913
739319
755007
840537
770912
773256
823078
772989
738237
785920
804320
745741
976440
797774
745249
737360
737448
758671
746265
742138
988458
735195
748186
750895
759926
799554
748040
960184
756438
837254
746186
967824
834174
797787
868798
750870
819487
969333
989437
877802
809728
773665
738458
738670
792133
968905
740864
735430
878404
736877
992933
740894
737917
736756
749964
736608
906489
738514
793271
833168
986898
977683
739392
929308
756699
735391
982159
783381
744132
899176
739736
954232
792136
928493
792680
956533
879329
872470
839237
898223
746707
737717
972947
813243
989978
826407
736852
878988
920035
993934
737214
777345
862551
871830
865377
795834
742903
820234
906199
792555
746128
735659
981105
737131
818522
765166
768789
813007
940447
911298
870788
757810
737895
871831
839538
768973
929821
744794
735524
836894
740777
735980
748024
739437
740585
737175
892468
802610
765928
790303
750461
747484
753642
803906
873173
819608
993501
762424
955656
742728
737714
989387
