0
0
0
1
129745
0
0
0
0
2
0
0
0
2
0
0
0
966767
0
0
4
0
0
356306
0
0
0
600530
0
0
0
0
0
333325
0
0
0
366862
0
0
0
0
933625
935862
0
0
903571
0
0
0
0
871363
0
0
0
32335
0
0
0
0
0
0
433580
0
0
0
0
775192
0
0
0
0
0
0
0
35
833456
0
0
0
0
0
0
162270
0
0
20
0
0
0
33
967936
0
0
0
0
0
0
0
227111
0
484829
0
0
0
0
0
0
0
0
0
0
0
0
0
0
0
0
0
7
0
0
866827
388436
2
0
0
533753
5
0
2
0
0
0
0
0
0
0
0
0
400160
10
0
0
0
0
0
0
0
66659
0
0
0
0
64839
4
0
323965
500319
0
0
0
0
0
0
0
800342
0
0
0
266506
0
0
0
0
0
0
0
645864
0
14
0
700431
0
0
0
0
0
0
0
0
0
97271
0
567071
0
0
0
0
733699
0
0
2
0
0
0
0
0
0
807251
0
0
0
0
0
0
0
420499
0
0
0
0
581206
0
0
0
259555
19
0
0
517067
194953
0
0
1
0
0
0
0
0
0
0
0
0
710419
0
839167
0
0
0
0
0
0
742965
0
0
0
1
0
0
100193
0
0
0
613501
677916
1
0
0
0
0
0
0
766943
30
133293
166564
548998
452826
0
0
299853
3
291660
0
0
0
0
199870
0
900186
0
33504
0
0
633757
0
233259
466942
667047
