735684
845552
742839
897011
735398
750224
917331
763429
736091
919694
749588
783294
983813
737305
760969
941431
757331
747806
855397
744007
756935
736053
957978
749301
832891
794695
797102
878282
964493
753613
935850
743269
744310
736100
977030
937730
816430
751470
757982
788116
737061
739310
739494
767221
857516
901643
758268
943535
939150
739667
788281
826625
746453
830298
868300
939561
737323
810696
919511
737532
868171
942638
838503
741950
857861
836816
775080
747408
743785
776209
823055
828249
853178
764106
805460
973145
907945
906924
769295
960950
738534
735607
741375
827164
899874
774448
971172
988701
856402
736091
760737
757995
772744
991483
766713
741638
875532
832143
980678
759523
736558
923999
742065
941655
755809
803069
930733
899535
783910
865489
854420
736027
943690
910665
763502
753656
738814
808745
736132
967673
738485
853102
842044
824690
913416
738997
737588
759590
786571
814115
736059
932732
743206
998485
821061
806670
737486
954801
740972
740846
930926
957626
736816
759076
853652
737829
862787
904159
861341
854721
852187
739574
799102
741035
743225
908487
758286
971506
765359
740208
786592
834055
736740
940504
746288
755538
809731
979218
906191
766031
783772
742152
737359
860533
742104
830035
946667
779358
879646
745888
760872
955386
878855
763237
741780
900550
746458
877160
737842
899584
736670
785658
887564
893134
739507
899295
858288
776956
736606
742943
737717
807951
910954
736837
845854
778717
737069
788315
836003
887979
893450
900822
977309
811882
794650
852032
903379
747381
892242
744862
780281
889040
738095
737077
738326
752908
757765
789298
882157
870361
757460
840183
765246
804264
741565
764515
823308
953772
770294
992530
961827
735567
769533
746355
807219
767333
738588
755615
883288
737157
781457
737545
972603
865583
737180
888709
736463
827465
889593
735530
738228
941735
853878
742204
872528
736702
823334
803030
754392
828807
925195
857681
745137
979386
760174
811808
737368
991993
757432
744858
743809
780922
830086
997956
800056
884872
972214
998504
752720
838964
898545
736728
771402
924944
939135
745494
755836
737563
761958
735920
883345
874699
751281
744073
738444
776600
750572
735514
967494
885139
793193
754097
771147
735856
800938
818341
754799
737217
738579
738740
948010
977836
878547
935454
750450
781548
873068
742344
958008
738094
736476
964811
788054
764072
949923
738862
883463
980890
737741
909268
739481
838914
965256
842852
751082
896797
789505
736841
848238
734790
757277
771371
801397
750268
759549
983808
861596
959752
735138
993005
830503
880345
848744
906408
912997
846404
845193
770888
741728
751967
739201
832491
811619
864485
747779
764681
805198
759956
934724
867654
838999
996011
737826
737752
844706
873504
906623
744024
932355
967214
755638
984396
860875
775986
860385
931544
901956
775984
874350
827813
906647
915279
758879
737012
992530
978489
843461
753766
756152
861991
819217
736344
882290
914162
737176
743163
859611
760948
761340
848360
958720
844101
867121
736391
761316
882572
963228
740504
897794
931162
952124
764866
737232
756230
736991
886553
821354
817958
758521
841701
749162
799623
808932
757701
780265
895261
985979
799722
844388
759946
927432
736864
738064
736514
736936
997449
903447
804797
823577
817183
824134
969415
737743
926343
775077
737199
785395
994023
998990
960164
854355
797046
939644
736764
899970
736762
804044
983438
888003
813183
936690
787075
735524
870022
858705
783703
839179
910443
786625
747824
877112
827817
811534
875160
752728
758477
737603
737852
771890
743147
941085
738536
933452
756722
752658
782372
997965
864628
825091
737211
797004
871669
947612
753454
760429
740075
744396
980631
739386
953328
869994
744730
779349
736282
740915
933417
889731
986362
766240
779944
874063
738251
998984
746658
797942
741323
849067
795466
867205
959893
894425
877774
807835
914123
736565
999507
999510
885670
774227
825160
750733
748821
737404
883172
739842
815007
755124
959073
787211
744154
996031
772120
841954
811334
993094
899108
763029
822228
756395
737104
738259
758688
736093
895111
962779
807535
848289
920111
776493
974836
863097
818811
832964
811733
743887
747422
894760
807909
753437
812724
772996
894514
800680
935325
973924
899504
812621
824844
990500
739846
736893
739596
907550
863153
770662
803385
958984
736986
740690
740861
846555
765918
758877
741200
841444
740573
791866
757919
736867
736567
805927
878773
841192
738665
863586
743314
764563
808217
737815
767490
803925
974470
791869
992570
926869
737662
868409
754797
868993
745670
833489
739508
908292
914396
786473
860170
809578
874480
736777
918992
738271
852324
808141
989128
746255
947923
746593
927361
832392
756294
742385
740676
737322
809101
745288
738114
905868
991092
797429
936416
735351
949387
738062
790508
919490
760394
737156
740388
792817
736632
740503
738712
759204
780876
837757
736837
808026
970911
949576
862639
862095
787726
738375
736907
906170
923244
979899
933875
989117
737425
939638
774040
848815
743708
747341
841725
735445
829004
736588
753297
739439
774186
767347
739968
769781
799129
795454
737489
904899
899446
815665
831172
823731
762743
734999
745253
814798
992987
743791
799071
757770
829708
922938
756764
826825
735780
834062
911087
749326
737366
744273
756048
987629
886058
743034
751696
737335
920319
874385
769782
932005
735952
864808
933948
735574
735355
746683
840933
738083
803652
899884
912639
842853
737380
802469
737196
814182
746221
813223
754174
989558
769978
862460
875731
835304
807699
965533
735205
802953
887006
894703
943191
831105
765252
743737
735782
739520
851996
737415
782262
874220
738241
768961
800372
808977
740760
758490
911509
775431
786499
796849
739083
745091
800190
736708
801447
803299
802643
771936
744443
741982
804252
768866
775453
860480
739025
747340
751843
750609
740851
792036
898381
856842
937025
907524
749610
968665
992045
787082
737586
984918
756752
856315
736452
763727
851465
739919
983784
867883
943308
736922
760991
976950
862749
771148
773418
832589
736840
789070
944388
773922
855209
748740
989729
741652
971325
735528
793368
761640
736909
824912
736923
745219
782305
869013
812465
889080
775693
744526
955015
803121
797399
744493
858481
754492
736347
750442
877535
745871
738200
845698
743168
951641
757398
923660
736554
835099
884433
757341
750783
896458
780663
894461
736946
741412
810962
738185
738913
886934
738224
886100
915543
897575
754684
903891
964030
800732
995491
858002
743055
823914
954494
816910
993962
863396
772952
739300
737042
989702
971736
739307
735387
884315
746960
847410
739462
951198
975687
841467
849000
740873
811098
960463
975623
937722
937253
752539
843274
943934
843873
957759
985270
737376
745699
994503
795003
907794
761828
842831
817912
767067
775025
782789
925268
753186
881492
900454
988119
744151
924043
876435
782739
820841
846152
745074
934067
825379
736763
752260
915365
749479
807573
740706
737354
735510
940292
742711
738331
798670
923410
754843
770471
887327
771461
740500
906290
739061
830686
757271
736473
874794
743403
761819
827560
736654
822268
750908
984918
757925
797841
