0
0
0
109
0
0
0
542
0
0
904
0
0
0
0
0
0
0
0
0
674
199
0
0
0
0
0
0
462
0
0
0
0
0
0
0
0
0
0
0
0
0
0
0
0
0
68
0
948
337
0
884
0
0
986
226
0
123
0
0
0
0
0
0
0
0
107
0
0
0
0
0
0
0
0
0
888
0
292
0
0
0
850
0
0
0
0
0
0
0
0
0
0
723
169
0
0
0
545
0
0
924
0
0
867
0
0
781
0
0
87
0
379
0
0
0
0
0
0
0
0
564
0
0
0
0
0
0
0
0
48
0
0
605
0
0
869
0
0
0
0
452
0
209
0
0
0
314
0
0
0
0
0
0
0
0
0
0
0
0
142
0
0
0
0
0
0
0
0
0
0
158
0
0
0
0
0
0
0
0
0
0
0
0
0
585
0
0
0
0
0
793
0
0
0
0
728
0
0
0
686
0
0
0
658
189
300
0
642
0
0
567
0
0
0
0
0
0
0
0
0
0
0
0
809
490
0
0
0
24
0
0
0
0
0
0
0
488
0
0
0
0
738
0
0
0
332
0
0
0
522
0
0
362
0
0
826
768
849
0
0
0
0
0
396
0
0
0
0
0
0
0
0
929
0
0
0
0
0
0
0
0
0
28
0
0
0
0
963
0
0
263
0
0
0
0
0
0
0
0
0
523
0
0
275
655
0
0
0
904
0
0
0
0
0
0
0
631
0
0
0
0
0
0
0
0
0
0
0
0
0
0
0
0
0
0
0
0
0
0
0
0
471
625
0
0
505
0
0
0
0
0
0
0
86
0
0
71
0
0
0
0
0
0
954
0
602
0
0
0
752
0
0
0
0
967
0
0
400
0
0
819
0
0
0
0
0
0
149
0
0
320
0
0
0
0
0
0
0
237
176
0
0
0
0
0
985
0
0
0
0
0
0
0
251
0
0
0
0
0
350
0
0
0
0
0
0
786
0
0
0
0
0
0
0
0
0
415
44
0
0
0
0
0
380
0
0
0
0
0
583
0
0
0
446
0
0
762
0
428
54
16
0
129
0
0
0
0
0
0
221
0
0
280
682
0
0
0
704
0
0
0
0
703
0
0
0
0
0
0
0
0
0
0
0
0
0
0
426
0
