0
0
0
0
99073
0
59383
0
0
0
0
0
0
0
650227
0
534896
0
8
0
0
0
0
743006
0
160118
640167
416265
0
0
178508
287353
0
760157
980212
0
0
0
0
0
0
0
0
0
257683
0
0
440345
24
0
1
0
0
0
0
0
0
218090
0
0
0
0
0
0
574233
0
19840
750236
4
0
0
703092
370394
0
6
0
0
0
0
1
0
4
0
0
396564
0
0
29726
0
819956
0
2
45
240334
0
0
630259
0
0
0
0
0
0
0
812129
0
0
0
0
0
37
0
0
0
2
0
3
0
0
0
0
0
510657
730260
0
0
20
0
603953
0
1
0
0
0
0
0
0
920473
0
505064
1
0
8
33
0
0
29
0
0
0
0
0
0
590018
790012
0
0
620199
0
99986
0
0
0
0
0
0
6
0
0
360308
0
475422
230170
0
0
0
130002
0
27
0
0
0
0
0
170058
0
0
0
330317
0
0
0
39626
0
0
0
879803
0
0
119022
2
7
0
0
0
310463
693297
0
0
0
0
0
2
0
0
0
0
7
0
0
0
0
0
525037
3
0
0
0
0
0
0
0
89933
10
909701
0
733064
0
0
0
0
762788
680516
0
0
23
0
0
450375
0
30
613876
2
0
3
320512
208084
0
1
0
1
0
0
4
0
0
0
0
0
0
0
0
300393
49449
80065
0
0
0
0
0
0
32
0
0
0
2
889769
340513
0
544684
220168
0
0
4
0
0
0
327339
0
782501
6
158678
0
0
0
0
0
0
0
792402
829795
0
0
0
435917
2
0
0
0
0
0
0
633704
0
0
663641
0
0
0
0
0
0
0
0
0
899587
0
0
0
0
0
9
2
0
980115
0
0
0
0
0
3
0
89140
210180
0
426093
2
0
0
0
0
277539
580212
0
0
0
0
0
0
260622
0
0
0
109061
0
0
0
0
2
0
0
713083
0
0
0
0
168612
0
0
4
0
2
530498
0
0
7
0
990043
910688
45
0
0
0
564467
0
400452
0
949812
485299
0
0
0
0
0
0
1
683416
723062
0
0
0
0
6
0
0
0
861497
0
430297
0
0
0
0
0
0
110051
0
0
0
0
0
2
0
810028
0
500653
367095
0
0
540431
0
3
0
0
560182
1
0
0
0
0
4
989883
859729
445935
0
0
0
1
0
0
0
0
643723
849676
0
0
7
0
0
940210
0
0
0
4
0
660431
0
0
0
0
4
0
11
0
0
0
69378
0
0
0
0
0
0
1
0
0
0
0
514922
0
0
0
0
0
0
0
0
1
0
0
0
0
4
0
0
0
0
0
0
0
7
0
0
0
0
0
19911
0
0
10006
0
350390
851650
6
890849
0
0
0
24
0
140057
1
0
0
970123
0
0
0
347146
0
520497
0
0
307556
0
12
2
0
119995
227887
0
0
3
0
138954
0
0
0
0
0
0
0
0
0
0
0
841788
0
0
0
0
0
0
0
0
0
0
0
0
0
0
0
0
0
0
0
0
0
3
0
200115
0
839715
0
0
290494
8
317370
0
0
0
0
0
950153
0
79473
0
480584
0
0
0
0
0
0
0
0
0
0
0
0
17
0
0
0
0
0
0
420417
0
0
2
0
0
0
0
0
49924
0
0
0
0
0
0
0
0
0
0
0
0
929775
0
2
0
0
0
0
0
0
772596
43
7
0
600145
780032
0
0
0
0
0
0
0
0
0
0
0
0
0
7
594098
959989
0
0
0
10
0
0
2
0
0
6
0
1
0
495247
0
0
0
0
831984
0
900891
14
0
0
0
0
247746
29977
0
380157
0
0
690561
237849
7
188529
0
0
0
0
623810
4
570112
0
740238
0
0
24
0
0
0
0
0
337374
0
0
0
0
0
0
0
0
0
0
3
0
376843
0
0
0
1
0
0
0
0
0
0
406389
490535
0
0
710515
0
0
0
0
0
0
0
0
0
0
0
0
0
0
0
7
0
297435
0
670381
8
0
0
0
3
0
70008
0
0
0
0
0
2
410277
0
752969
0
9914
0
0
0
0
0
0
6
0
0
2
919749
0
0
822148
0
0
0
0
550284
0
0
0
190179
0
0
0
7
0
5
0
465621
0
2
0
0
148663
0
2
0
869722
0
0
0
0
0
0
0
0
0
280566
0
871126
0
0
0
0
3
1
0
0
800012
0
881012
554589
59961
0
0
0
0
250470
0
0
0
0
673426
0
45
0
802183
390273
0
0
0
38
0
2
270565
0
970158
0
0
198433
0
0
0
470592
0
0
2
0
0
0
610078
0
180174
357061
939714
0
39858
150055
267570
0
0
0
584054
0
0
0
5
0
0
7
0
0
0
0
0
0
0
0
13
770039
0
0
0
0
700476
0
0
930277
0
0
0
0
0
0
0
1
0
0
0
0
653557
0
0
129081
720316
0
0
9
0
0
455820
460440
0
0
0
0
1
0
42
4
386781
0
0
960118
0
0
0
0
