0
0
0
410217
0
406379
0
0
820486
0
0
0
5
0
2
0
0
0
0
0
287913
278001
0
0
0
0
509997
188897
0
0
0
0
0
0
0
0
0
0
0
5
0
590200
0
0
0
0
9
0
0
2
753052
0
0
0
500018
544753
0
0
119058
159029
0
0
560146
8
0
25
5
0
0
0
0
0
320128
0
366786
0
209863
109235
0
0
0
0
0
0
0
0
0
0
440288
0
0
0
1
1
0
0
0
0
0
0
0
0
0
0
396444
950171
0
0
970462
0
229989
0
0
0
0
26
7
5
0
0
0
0
0
0
0
0
19
0
0
0
0
0
0
0
780597
570186
0
0
0
0
0
0
465776
0
0
11
0
0
0
4
0
0
0
0
0
821853
0
0
0
0
0
0
0
0
0
5
340146
23
0
480060
0
0
0
0
871189
0
0
37
0
851439
0
7
0
0
0
0
30148
0
0
0
0
0
0
297833
0
0
10
0
0
683567
0
0
0
0
0
2
0
249824
0
0
0
14
0
0
0
0
0
9
0
802224
0
0
0
0
940041
0
0
0
900987
0
0
0
0
0
0
620259
693347
0
0
0
0
0
0
0
0
0
0
0
0
673648
630338
772873
0
0
0
0
0
0
0
0
0
0
0
0
0
0
0
0
0
0
0
0
0
23
69303
0
0
0
0
0
0
350298
0
680441
910199
0
0
0
0
0
0
0
650321
0
0
0
300251
455853
614167
7
0
0
0
0
524843
0
0
0
0
0
0
0
390335
891204
0
0
129090
0
0
0
911014
0
0
0
0
960639
980297
881293
0
594247
0
0
0
0
0
514951
0
0
564666
445948
1
3
0
0
0
0
70138
9
740526
0
0
0
0
723232
0
0
0
690483
0
700414
4
623888
0
0
0
0
0
0
0
0
0
9829
0
0
670405
0
450204
0
380332
238488
850140
0
0
0
0
0
0
0
0
0
0
0
0
0
0
0
120174
35
0
0
0
0
0
0
0
0
0
0
0
0
0
416217
0
33
386514
0
0
0
0
0
0
0
0
0
0
0
0
534843
426208
540124
0
0
0
0
610238
713399
248418
37
800663
0
0
870110
0
633683
0
228654
0
643796
0
0
0
0
0
770489
0
90385
0
0
0
782776
138946
370354
0
990062
0
890010
0
327285
9
0
0
0
0
0
0
0
0
0
0
0
0
0
0
0
0
0
2
79242
0
0
861294
0
703423
489979
5
574643
950689
0
9
0
840342
0
0
0
0
0
0
258073
0
0
0
720307
810630
0
0
0
0
900070
0
0
0
0
0
0
0
0
0
0
0
0
60296
0
0
0
39604
0
0
0
10081
0
0
0
812015
0
356797
0
0
178906
9
0
23
0
5
0
0
0
0
0
150296
376578
435981
0
0
0
0
0
0
0
470179
0
0
0
710328
9
0
0
0
0
0
930861
1
0
0
279959
160240
0
0
0
0
760443
49436
219952
0
0
505001
5
0
0
148996
0
5
920975
0
0
0
0
0
0
0
0
0
198776
0
0
0
0
29676
0
4
0
0
831577
0
0
0
7
0
0
520185
0
0
0
0
0
0
0
0
0
110421
0
0
0
460340
880015
0
0
0
0
0
0
0
0
0
584408
0
337072
0
0
0
0
0
0
0
0
0
0
0
0
0
0
930230
0
990113
0
0
0
6
268061
0
0
0
50273
970139
0
0
0
0
0
0
0
0
0
7
0
0
0
0
0
0
14
0
0
604217
0
430164
0
0
0
0
0
0
0
0
0
0
0
1
3
1
600067
0
0
0
0
0
0
860151
660424
80253
307650
0
0
0
0
0
0
24
0
0
0
580200
0
0
0
0
0
0
0
99255
0
0
0
0
0
0
920165
0
100557
0
640442
980071
0
0
0
310180
218600
0
0
0
420212
0
841524
330091
289997
0
0
0
530125
0
4
0
0
40268
0
0
0
0
0
0
0
36
485426
0
0
0
360387
0
0
554804
0
0
960056
0
0
0
0
0
0
0
743147
730479
0
0
0
39
19846
0
0
0
0
0
1
0
0
0
0
0
0
0
0
792499
0
0
0
0
0
0
0
0
0
0
0
0
0
0
130072
0
5
0
0
0
653852
0
0
208600
0
180204
495155
750558
0
550138
20
663711
0
0
0
0
400203
0
0
0
0
0
0
0
2
0
0
830312
259990
0
0
0
0
0
0
0
0
0
20109
0
0
0
0
0
0
0
0
317397
0
0
0
0
0
0
0
0
0
0
940748
0
0
0
0
0
0
0
0
0
0
199932
0
0
0
0
0
0
0
0
0
0
346947
0
0
0
0
0
140070
0
0
239851
0
12
790612
0
0
0
0
0
0
0
0
89151
0
0
0
0
0
0
0
0
0
0
168974
475593
0
0
0
0
0
0
0
0
0
270157
0
0
0
0
170165
0
0
0
0
0
0
190160
0
0
0
762960
0
0
32
733256
0
9
16
1
59355
