0
0
0
617184
1
0
0
1
1
0
0
816909
0
0
0
0
333304
180322
0
770265
0
0
0
0
0
0
1
0
0
0
0
720824
0
0
0
15
0
0
0
0
0
0
0
0
49191
0
2
0
0
474791
0
0
0
0
0
0
0
0
0
3
0
0
147363
0
0
0
507527
0
0
667057
458529
0
0
0
803157
0
0
0
0
0
0
0
0
83444
3
4
0
0
0
0
0
671853
3
5
0
0
250257
0
0
0
0
0
409248
0
0
3
566920
0
0
0
0
0
0
0
0
0
66800
0
0
0
0
278243
16798
3
0
0
0
0
0
0
950825
0
0
0
949933
0
233484
0
0
0
0
0
533477
0
0
0
0
0
0
0
0
2
966611
0
0
0
0
7
0
0
0
0
0
0
0
0
0
0
0
0
0
0
0
0
163898
737205
589583
0
0
0
0
550255
0
0
0
573244
0
0
16
0
0
0
0
383143
688248
32954
0
0
0
0
425655
0
449788
0
0
199861
0
0
16395
6
0
13
0
0
0
0
600363
883384
0
0
0
0
523914
116720
0
0
2
606020
0
0
1
0
933399
0
0
1
0
0
0
0
0
633783
0
0
0
0
0
833390
0
0
0
245676
0
0
399776
0
0
266732
0
0
0
0
0
850085
0
0
0
704449
0
300067
183430
0
983512
967089
0
0
852401
0
0
0
0
0
0
0
0
0
0
0
0
0
0
0
0
0
0
0
283261
0
0
0
0
0
0
0
0
0
466512
376210
98372
0
0
3
0
800562
0
294531
0
0
0
19
343526
33436
0
0
0
3
0
0
0
0
416476
0
866718
0
0
0
1
0
0
0
583534
0
0
733615
901581
131009
0
65577
0
1
0
0
0
150050
0
0
0
0
2
0
316675
0
0
0
0
0
0
0
0
0
0
0
0
0
0
0
0
0
0
0
0
753726
433168
0
0
0
310800
2
0
0
1
0
0
0
0
0
885103
359860
0
0
0
0
0
392719
0
900074
0
0
0
819478
0
655294
0
0
0
0
0
1
0
0
700521
0
0
0
0
0
349925
0
0
0
1
0
133379
0
0
196633
0
0
0
24
0
750332
0
0
0
0
0
0
0
0
0
0
0
917942
491196
0
716920
0
786615
0
0
0
0
11
0
0
0
983236
1
216658
0
0
0
683902
0
0
0
0
868641
638767
0
0
0
0
0
0
0
0
767177
366534
0
0
0
442003
0
17
0
0
0
212968
516928
0
0
0
0
0
0
0
0
114756
0
835947
0
0
0
0
20
81958
0
0
0
14
0
0
0
0
0
0
0
0
1
1
0
262064
0
0
166652
916707
0
0
0
0
0
0
0
0
0
0
0
622373
1
0
0
1
2
229105
0
0
0
0
784001
326978
540210
0
0
0
0
50112
0
0
0
500186
650473
0
483389
0
0
0
0
0
0
0
0
0
0
0
0
556824
0
934349
0
0
0
0
0
0
0
100117
2
0
