970818
988040
957316
975004
992043
979681
960052
956145
995050
970856
989184
954292
986679
951449
976376
984289
978434
953991
982579
998529
952905
967719
995507
980671
960919
999004
968880
987144
955871
969042
974546
981163
953426
966364
988606
952834
961392
987992
975538
982714
996558
971812
956808
992477
995023
994515
957214
959616
958104
969078
985249
996543
958290
977296
982266
993010
966204
997079
968029
961278
979288
998041
972652
957713
984641
970039
954324
988183
965597
994465
975255
995514
965263
982320
977209
958937
953715
956522
994561
999486
984123
997557
966182
994042
980632
994069
967475
972557
978816
985279
953460
965564
994553
997532
969070
978011
966768
965029
953044
961003
965615
961884
983702
996558
951559
972047
956360
991949
978239
968482
957034
977663
983528
983249
963249
968016
999009
992472
997049
982152
973105
959542
996558
954370
957146
952615
989040
992522
991980
962639
983240
991479
989061
987446
983257
986594
994523
966013
963756
955528
981841
973531
958081
998007
960797
957243
954173
965156
961907
973677
983481
974312
955677
963501
973533
991945
981559
971254
992544
987582
987172
955118
962832
986947
961515
961675
958088
988549
992962
959635
966052
968436
974048
973677
990535
998013
962053
996012
985072
953278
965383
980757
967036
976822
989713
964255
969915
991546
978883
986500
985594
965648
992004
977795
969346
966915
975356
993450
994548
976081
981765
958394
978655
973885
991983
996552
957507
984668
987987
966010
980098
957446
974700
973062
983468
997036
955207
958203
997519
981111
978455
977226
994986
986670
984651
995554
991565
969076
951839
956373
994513
955677
959668
975531
965654
956467
967008
977791
977722
969331
993036
970281
999009
975288
994060
997523
990539
980289
983266
965848
986176
968201
991447
973881
999009
954652
976447
974113
964613
987075
971828
986038
990538
982259
953601
979806
962201
973636
996527
970866
998009
973089
976297
999009
968040
965334
970630
966135
978224
967071
978287
996004
989573
998997
981387
991532
966312
959731
966502
965575
983108
998997
982757
972714
969315
967686
966896
963262
974113
954404
997537
985049
963889
971285
979937
995047
960955
996586
969157
964277
954582
991070
962694
977869
968324
960851
974323
985735
982143
994035
952105
975715
978017
979037
959317
970547
969784
951878
961953
964704
984646
976347
968931
989615
970821
964602
999002
978769
974068
991012
987610
990512
956589
990952
968448
965402
995030
964441
994572
991964
974495
979298
977806
966969
982989
988079
974606
989664
952124
970813
953310
999484
959870
968565
964167
976397
982674
964965
970690
972359
995518
982063
979168
979783
962585
988198
998550
976935
959506
985266
966971
954521
981402
961524
960442
984676
979261
971118
988023
979757
967017
978105
977804
973837
960897
999484
985046
979747
998013
969782
998036
984628
969193
996565
959921
970028
963570
978251
959606
954061
977722
972517
967686
993070
973154
965352
974884
976753
954485
964808
995524
991956
985649
983043
967648
957395
993549
975716
986215
979737
961464
982212
971790
961668
954522
975669
953827
995023
956623
999485
993545
954793
957257
961701
956533
952362
986694
990491
982181
992096
998007
957776
967570
957508
989117
996064
988629
986021
958517
982752
959169
991003
998997
955858
953790
957503
959997
954793
985157
998997
987625
990973
998542
975687
990964
965295
967339
989011
954457
975192
987554
959118
961372
960338
985527
969996
978859
997073
960071
965030
966059
987081
960426
979396
985240
971018
986177
984320
970901
993459
972830
988613
994501
955807
966590
963030
961882
997079
954124
963592
952111
966838
977761
982231
987082
984210
951299
998040
964972
968553
997522
994546
991984
987644
958237
972366
975481
995504
973533
964578
966508
970127
955563
958081
992060
962401
993522
973587
956740
975378
953851
993033
956889
997516
961804
998996
971996
958300
991429
966320
999486
992469
956887
968514
994071
962566
992988
996540
996545
996559
977362
993067
969131
967182
999485
994014
985619
962271
959504
954361
994465
959955
967730
960375
963274
999010
953813
989700
971716
979918
996544
985312
954644
989073
977595
956001
959902
967572
951286
959287
986607
966317
977658
958891
966361
956891
982217
990149
966923
967594
993070
974498
979655
958162
964638
959630
964551
968544
980841
986501
979379
966580
990039
968444
962735
987145
989024
999007
992079
968414
987608
966006
969889
997538
985218
982756
970327
954251
985765
999484
983996
972724
968660
951998
958623
987672
972213
996026
952702
956769
997517
998990
969407
980176
996551
992958
987443
961902
970373
996033
959575
955960
959856
995509
964101
991468
960546
971524
952709
998006
961641
961053
995010
989136
982167
994988
992984
992478
976464
986508
959923
994999
951798
993040
951353
957809
988005
958519
958822
954508
953859
993963
985269
996047
990047
993491
958949
976116
993948
972527
990070
971266
997054
976820
954472
959078
989617
989654
964745
998990
987595
987067
957068
986528
989033
959510
972831
980711
980847
991069
987053
968590
972285
964916
997532
977523
971296
956234
978400
962201
988591
987999
984001
998007
994471
999489
952137
978860
951958
956559
961226
967597
990617
968914
978999
990515
968516
964118
956574
967542
971705
954579
963091
987484
961785
991506
968501
999007
965223
976678
954980
960411
995001
993037
993004
992959
993001
951790
969320
997517
961246
961658
955830
959642
987025
967020
968673
988123
954366
986129
961527
971049
975734
998548
958198
996559
978063
954986
998040
978679
988015
970720
968375
961873
999485
957212
957453
963582
954862
960955
982268
993530
970750
989043
996058
981761
972698
963284
951481
958033
951682
984690
988677
972629
960303
972968
990585
997088
994470
965262
965030
960989
986617
970818
960752
990160
987621
974158
986106
970458
979417
967209
980341
974443
981809
998531
993505
992503
968436
952913
962815
961735
984820
966041
974256
959961
963848
991948
991021
978906
957288
953737
976042
996023
989569
992447
958608
961588
994534
983214
982572
998532
997035
978092
972562
990481
958919
989104
972682
957477
957642
997089
966021
988146
973953
987153
982997
983283
990548
986578
990093
965496
996569
957197
986535
977558
956534
992479
976872
981684
990058
965591
992041
979778
981170
987621
961997
952601
974062
977656
996022
953222
965150
962800
988166
965240
958118
964693
988631
985046
979951
978726
991524
964065
951834
965167
957585
977102
968827
965187
969309
989157
982272
973594
978519
955088
988514
964128
978739
957970
961765
998013
982714
952232
972654
955092
968924
990991
981883
974261
961620
970780
968663
985575
998026
970287
955106
959952
963723
999486
992087
962751
963704
976910
989144
992058
977254
994501
994561
962989
982753
951847
990167
960418
975086
988698
976076
974536
953991
970428
992472
959694
995050
968018
986031
956730
977879
959531
987443
968776
967765
964441
975142
983063
965736
954312
988567
997516
986614
978305
959397
974007
975690
959595
972828
971049
962894
996554
985589
963665
996591
977687
959069
962949
968148
959432
966585
969626
956765
995520
