865
591 821
150 235
283 502
504 166
369 803
290 399
342 448
356 731
823 488
82 125
488 637
521 436
339 187
454 297
658 431
171 103
146 663
842 502
511 484
282 240
603 357
347 18
617 424
736 376
453 134
21 30
113 502
656 629
305 624
276 313
95 219
284 19
489 409
292 231
16 662
71 657
250 158
580 509
369 395
334 831
570 90
290 364
226 451
81 550
652 223
673 294
699 378
502 643
562 514
451 45
33 403
828 532
713 558
645 619
810 368
91 423
558 187
95 12
6 717
842 81
88 655
79 487
631 604
780 710
404 440
20 79
248 656
424 723
853 412
287 544
280 198
810 222
542 387
693 841
850 136
351 828
419 14
92 753
417 644
757 643
29 10
165 240
164 694
668 710
409 387
260 778
84 33
827 512
121 406
105 243
433 469
440 863
98 81
611 608
570 763
560 531
704 723
373 807
558 561
581 413
778 609
850 470
195 268
656 575
682 787
539 675
315 496
708 121
158 537
785 759
168 284
541 501
657 659
829 609
793 261
170 562
859 192
560 425
20 616
756 414
650 700
626 658
724 588
417 773
278 551
25 30
770 640
606 557
66 640
168 759
242 267
412 513
744 316
364 304
375 39
241 458
664 316
332 262
229 740
3 698
541 316
14 115
399 770
221 677
576 841
233 130
662 634
160 522
297 53
421 592
596 180
267 339
723 774
650 163
411 209
383 831
478 67
302 541
791 436
428 287
34 34
543 577
720 381
524 31
231 534
772 255
58 541
121 173
338 59
460 653
857 820
197 3
718 742
140 357
177 56
47 732
405 669
159 678
200 704
577 774
517 625
380 639
591 857
319 687
12 412
626 18
551 102
836 534
718 830
196 185
834 226
199 382
232 622
806 444
742 820
347 704
37 594
223 22
195 355
844 306
715 800
55 240
69 106
106 743
599 853
439 102
384 270
505 695
301 763
506 807
248 128
734 123
271 736
827 147
837 498
249 569
809 592
182 362
675 521
373 200
173 377
182 179
130 514
204 654
126 734
81 56
42 255
33 841
448 723
422 571
809 135
408 458
348 383
664 501
278 55
764 800
594 671
149 225
525 595
186 663
70 712
143 60
165 494
333 465
367 539
75 587
469 66
663 130
126 146
252 681
561 667
84 498
249 525
825 800
395 166
274 367
567 843
859 526
839 482
724 250
529 380
381 255
477 233
355 271
680 365
723 427
448 666
278 361
300 247
387 43
407 755
597 645
69 193
22 711
454 514
66 407
708 249
57 454
626 725
850 775
769 49
17 262
108 348
125 123
557 529
574 193
42 823
589 216
397 773
330 799
855 587
83 435
282 178
717 629
566 247
276 838
219 801
179 269
193 209
671 783
551 177
508 190
381 676
766 560
236 802
809 68
117 8
564 813
448 535
238 284
272 420
156 455
756 35
256 776
177 270
444 465
664 579
675 863
181 847
213 153
201 763
325 464
351 400
855 30
848 230
310 597
417 814
497 333
639 81
232 635
411 741
443 40
381 822
815 753
245 238
88 139
778 724
420 485
320 278
188 538
475 181
655 772
15 752
144 432
239 108
356 575
654 247
60 337
272 328
728 766
388 210
376 756
603 29
779 749
517 82
410 802
802 399
438 569
682 677
214 856
231 677
380 212
747 827
131 695
766 63
185 504
863 439
490 703
606 720
626 519
147 500
830 704
826 425
578 130
148 661
209 619
346 12
228 174
106 123
191 384
665 793
387 170
32 447
775 304
512 204
230 199
681 230
675 289
790 270
350 283
452 44
48 516
86 603
642 749
46 782
221 329
451 834
238 82
465 832
151 674
13 598
131 764
88 613
578 475
599 456
48 168
663 402
761 333
470 420
443 718
508 550
817 772
701 228
35 131
596 573
793 212
44 250
531 189
854 835
593 815
660 532
588 720
444 496
372 853
549 146
351 399
308 617
746 302
171 579
662 688
392 646
262 634
730 582
567 619
703 3
321 593
483 110
129 189
215 790
157 857
837 261
236 720
833 130
335 584
791 424
424 777
471 518
586 19
676 389
104 613
791 373
470 172
632 591
401 111
417 364
830 110
653 434
192 258
771 402
609 444
813 618
643 847
395 127
62 565
29 814
414 335
720 652
344 599
738 773
719 500
296 321
648 12
238 406
35 449
864 343
73 425
321 89
84 655
346 749
226 359
147 375
237 203
641 567
828 524
814 436
138 837
146 498
209 497
256 74
771 527
691 63
30 229
284 585
766 153
296 505
454 595
673 768
228 584
555 594
335 138
821 240
746 806
666 517
19 140
486 705
31 14
544 653
683 627
190 319
546 324
58 326
439 646
601 592
521 268
729 858
421 197
120 764
37 328
133 704
243 375
603 197
602 538
496 804
188 730
658 540
477 542
394 493
663 860
153 517
838 855
596 315
94 400
178 20
804 728
578 389
577 509
270 287
414 384
410 246
74 843
473 469
705 69
292 169
768 24
709 402
834 760
518 170
865 515
8 859
243 734
610 164
836 816
198 784
502 782
350 369
304 11
751 744
395 303
272 549
268 715
416 492
151 570
720 22
617 19
768 473
624 29
816 55
353 759
536 190
764 512
180 347
302 425
510 754
162 732
110 513
71 608
632 430
83 169
552 344
68 583
262 504
16 16
324 561
35 190
410 93
572 843
740 710
283 441
212 395
428 696
718 445
282 673
729 549
669 290
360 832
258 536
302 785
522 571
596 444
536 138
265 447
335 601
842 506
521 469
94 291
86 395
520 309
737 110
446 608
201 2
220 512
294 179
51 367
89 737
368 749
537 666
149 365
285 284
715 518
355 303
577 696
319 520
599 412
455 19
814 400
593 523
535 81
719 559
246 582
32 379
864 370
359 275
52 327
632 1
480 515
417 756
659 167
50 53
359 842
556 660
739 811
571 95
715 389
601 351
465 773
400 99
352 694
62 380
20 142
701 747
225 62
668 410
259 346
16 3
611 93
322 390
112 121
421 26
773 343
7 394
607 55
362 569
389 457
592 181
286 286
243 855
358 374
17 80
28 626
603 518
209 270
73 603
425 201
465 571
31 237
200 368
833 417
280 477
584 17
496 502
713 501
523 422
341 708
373 648
125 794
375 654
48 395
601 286
611 588
659 347
549 517
769 590
663 276
168 264
553 129
119 762
534 669
730 296
125 123
532 685
820 220
85 567
470 626
234 157
658 120
860 341
528 389
650 352
127 106
66 717
181 68
315 586
765 148
545 680
431 93
559 58
347 669
697 612
158 801
45 27
757 484
708 601
122 632
548 784
255 282
564 570
497 856
25 359
748 605
392 443
637 476
468 39
193 447
794 547
577 252
139 639
288 7
505 559
746 814
568 415
662 253
851 590
412 522
262 507
551 347
85 563
472 386
88 55
109 468
753 589
664 775
815 738
598 147
807 576
403 786
353 522
380 510
505 603
605 670
749 481
73 109
343 784
854 411
295 78
46 687
344 796
297 564
285 351
424 610
395 203
209 850
677 503
789 344
645 798
510 567
700 176
315 244
569 704
568 476
135 218
697 10
370 581
323 2
437 311
302 219
614 436
376 822
844 584
313 53
520 762
494 237
539 342
639 401
559 64
542 83
180 709
165 424
751 635
399 737
677 519
9 766
136 29
712 773
397 162
40 227
341 754
237 552
569 665
345 210
643 681
78 230
146 579
202 810
196 96
391 264
512 556
373 264
656 646
290 280
459 405
802 478
804 20
417 23
689 381
634 646
724 321
695 557
596 678
347 796
322 257
657 445
786 591
89 442
380 385
790 554
444 584
154 65
5 372
515 210
585 810
436 865
135 557
42 58
267 102
729 156
543 762
139 649
205 654
767 71
387 450
531 712
310 203
748 726
831 578
463 609
838 76
140 244
434 217
371 196
212 741
322 419
559 244
714 764
668 506
40 496
