1000
106 86
304 300
796 419
63 220
758 644
781 807
79 461
505 939
262 571
116 311
379 288
74 40
43 912
257 781
365 726
795 9
695 402
106 232
465 562
268 438
926 238
190 396
976 695
912 628
702 797
622 640
509 858
233 184
644 132
198 917
488 166
218 100
154 333
517 49
991 37
257 502
131 847
139 15
683 535
718 120
61 35
610 828
455 212
478 720
864 493
801 665
180 192
892 690
217 376
964 522
98 103
467 819
605 261
177 417
912 386
144 355
25 12
501 443
621 793
36 102
595 994
37 906
736 668
310 707
858 569
457 735
891 145
796 808
395 753
914 997
294 363
114 780
538 183
497 547
524 261
577 436
273 720
169 640
223 711
473 936
122 349
430 648
84 572
748 478
587 155
948 542
424 324
163 92
752 700
169 42
652 14
468 356
495 595
279 290
452 598
843 499
451 612
87 748
116 27
318 206
706 922
222 205
596 24
904 151
466 601
987 295
432 643
567 890
925 660
992 895
602 485
499 455
878 545
119 351
19 144
306 118
588 703
270 609
434 42
438 588
264 650
773 227
168 995
320 123
919 522
322 571
316 419
385 435
539 796
431 488
206 338
881 945
537 22
60 722
448 41
442 97
439 541
14 471
202 416
769 501
121 95
909 873
233 874
267 16
953 509
132 433
120 364
758 436
912 507
445 659
45 670
634 797
355 453
50 992
184 698
121 716
951 244
851 254
283 937
200 213
302 653
833 648
951 15
145 501
665 264
603 845
723 12
806 131
448 97
53 953
235 417
216 575
610 525
612 737
677 134
81 629
274 701
148 237
933 313
21 389
202 874
8 170
929 338
306 380
275 97
960 760
229 473
750 634
969 939
462 44
773 226
512 968
720 674
76 214
685 333
519 451
749 891
216 857
313 553
383 220
33 139
668 452
1000 12
949 625
522 36
80 114
15 983
940 905
66 145
2 307
336 683
657 490
439 646
951 420
382 426
877 975
86 877
764 848
90 844
18 263
275 282
462 120
206 303
426 245
550 522
832 480
990 252
817 108
531 461
870 265
750 517
638 670
506 881
337 853
599 802
739 518
641 763
927 569
453 948
598 543
728 133
294 905
792 146
840 97
495 202
434 551
723 935
636 735
509 386
942 708
101 169
82 122
900 196
823 619
106 814
131 63
876 175
658 79
180 478
45 834
97 125
299 418
762 235
32 188
114 82
557 81
736 737
463 249
525 190
428 455
127 218
502 127
26 398
579 622
321 449
126 379
833 662
297 417
932 77
648 903
121 392
194 4
515 990
948 175
786 143
692 398
143 764
895 158
439 200
258 591
411 543
790 841
111 108
229 710
177 913
833 801
413 393
787 176
543 406
624 90
837 263
579 794
705 494
638 193
647 465
101 873
750 396
499 747
490 630
937 246
423 171
598 889
342 382
989 931
627 988
85 277
620 834
57 732
877 881
610 976
479 538
299 607
824 716
369 468
479 842
496 325
465 663
854 117
848 780
335 342
181 720
737 218
352 504
410 102
819 112
566 680
681 510
381 518
542 525
181 424
81 935
864 578
211 103
64 53
297 893
183 586
127 773
89 520
962 546
147 487
370 467
500 751
332 132
279 402
370 469
681 774
200 812
967 773
509 60
840 214
156 183
382 384
513 342
152 678
937 966
220 254
233 223
503 571
466 486
246 54
816 72
924 556
122 481
116 427
293 900
954 272
646 90
253 220
395 693
327 628
420 410
566 38
117 575
360 631
261 394
748 422
428 808
226 979
748 794
991 581
89 617
655 696
626 74
888 70
913 506
803 139
794 920
289 302
3 334
181 124
817 119
451 96
73 27
843 871
432 837
200 191
196 31
958 797
217 861
867 277
784 42
964 656
339 528
439 861
323 37
29 780
20 906
237 922
532 219
318 111
75 629
293 966
688 343
654 654
554 484
508 866
743 381
693 438
405 201
797 973
27 993
905 570
752 554
859 673
306 247
660 771
736 201
984 436
262 768
291 154
740 736
549 248
794 809
824 50
816 295
629 54
335 459
219 19
605 643
252 605
714 406
874 149
138 337
329 256
324 286
49 560
378 895
885 316
627 563
317 319
685 216
646 231
172 741
834 152
656 648
222 947
428 303
653 624
475 195
188 125
408 626
666 49
340 214
444 965
385 379
989 981
213 464
364 197
166 152
115 384
694 197
814 248
537 494
542 67
920 349
678 70
590 558
887 134
51 158
452 325
787 174
35 252
443 575
964 980
44 825
233 965
290 489
425 801
856 223
887 918
91 714
943 95
748 905
835 836
478 28
157 636
267 758
897 7
949 678
367 44
919 681
976 498
856 538
936 956
870 226
308 290
967 967
370 407
855 205
919 84
224 764
49 987
473 209
407 169
71 84
209 367
68 515
700 817
752 387
926 428
798 367
80 879
230 147
347 541
981 41
291 180
911 789
576 602
371 512
718 565
996 127
672 257
642 675
923 476
660 768
881 437
824 102
504 138
593 482
960 144
112 541
510 992
928 387
157 909
970 453
992 67
277 379
984 41
249 960
852 40
727 895
891 573
856 469
776 657
528 337
158 844
589 185
638 61
511 991
952 150
129 649
995 370
740 794
541 713
541 618
82 358
121 465
209 760
197 733
501 311
991 661
226 741
982 884
911 828
606 112
117 845
358 706
24 159
968 938
902 805
847 389
217 713
677 586
786 383
523 669
595 858
510 17
506 715
402 129
57 981
726 968
193 783
53 197
78 323
776 6
85 142
579 437
22 929
422 817
768 174
375 137
467 193
715 399
478 409
485 790
200 677
842 146
486 587
503 170
199 665
394 203
627 789
478 855
211 128
921 562
690 945
563 886
16 736
509 962
356 446
819 826
982 91
897 453
854 895
561 28
416 624
428 882
858 926
479 643
524 875
284 212
194 866
302 146
865 282
708 608
970 166
310 767
550 355
973 494
611 490
103 957
322 832
908 213
36 501
65 463
492 114
166 445
266 191
84 863
301 712
152 81
237 582
130 638
788 698
466 682
963 232
236 966
745 787
252 540
542 823
25 300
957 351
436 623
256 534
441 602
940 583
763 784
37 720
256 168
136 527
342 712
544 640
900 891
872 57
247 338
313 774
711 869
752 611
421 41
744 531
817 512
404 962
343 155
597 95
284 552
901 328
703 263
20 642
575 618
761 34
514 262
585 644
329 431
753 109
316 999
287 478
760 825
184 885
355 984
624 902
100 159
576 221
7 164
38 341
31 721
696 732
609 540
250 720
375 336
502 689
681 307
345 751
664 455
441 537
278 834
592 550
143 570
327 961
890 227
420 494
28 75
631 104
257 941
338 2
502 50
737 124
293 296
908 544
120 912
454 679
666 701
298 755
902 984
168 304
625 656
383 18
217 815
30 562
515 711
613 625
968 97
200 219
989 410
599 587
853 397
438 742
479 505
752 701
422 837
964 579
373 688
408 434
30 676
359 856
387 954
240 236
254 688
463 915
987 246
44 293
101 474
302 695
927 947
225 864
951 375
835 394
557 337
684 704
517 642
330 577
82 276
248 774
148 916
77 758
946 717
618 71
2 73
648 879
400 260
127 94
619 988
870 708
947 764
464 824
618 716
835 696
327 289
213 692
51 251
8 749
798 190
983 698
759 479
604 765
559 715
978 883
299 610
248 994
282 366
158 60
43 192
321 301
513 343
718 315
180 116
556 624
961 935
508 873
173 700
327 277
667 245
924 423
359 438
776 332
596 671
41 125
956 625
7 991
871 425
423 249
734 558
969 90
133 620
778 657
232 711
162 851
906 972
190 604
697 478
440 286
652 724
326 872
955 530
382 379
243 454
761 601
514 426
950 963
51 347
822 753
154 839
520 883
123 432
399 914
497 156
433 215
993 903
38 400
969 585
759 120
965 543
318 687
59 223
805 967
9 33
117 570
335 698
124 121
105 542
567 671
459 212
939 142
108 769
814 776
815 362
352 884
501 469
174 866
462 693
757 822
291 364
934 747
55 471
789 10
553 766
98 417
808 970
848 897
36 681
632 943
115 209
581 977
64 476
126 128
70 261
698 529
144 695
530 303
646 612
848 521
827 954
388 928
910 217
426 205
552 679
294 796
554 507
232 87
739 257
197 62
730 584
923 50
185 720
74 49
736 363
422 336
182 438
404 160
405 346
728 443
785 818
133 480
460 962
967 468
326 740
301 76
424 179
834 322
158 865
224 914
908 702
669 431
221 884
30 348
828 612
556 695
489 708
930 624
795 108
372 339
215 242
311 245
109 677
722 862
227 912
90 436
2 746
393 1
351 15
167 57
546 999
123 844
782 834
957 804
620 47
960 68
721 459
176 812
380 940
554 414
55 78
857 727
657 784
218 635
697 171
250 114
154 734
958 755
815 141
987 920
557 907
782 578
583 217
296 69
208 724
596 22
405 803
300 473
881 175
579 217
659 290
449 835
888 678
147 212
210 815
840 65
106 723
355 217
12 283
44 682
752 594
952 953
309 78
830 507
526 554
925 818
287 730
854 836
646 819
976 170
