348
269 319
141 191
155 150
245 156
313 274
146 273
303 15
64 68
24 40
51 245
30 160
209 235
195 66
78 44
70 295
241 184
158 79
179 11
165 62
309 319
1 162
103 156
148 285
98 222
27 160
327 145
108 205
59 154
237 188
33 240
240 122
214 243
213 268
10 344
188 75
239 271
272 241
4 297
295 314
132 225
230 311
202 140
236 155
319 138
268 201
297 205
158 194
7 3
62 322
123 72
35 329
173 257
18 246
7 228
342 143
335 152
209 307
123 69
10 208
302 83
343 222
195 344
185 37
311 296
35 137
348 267
340 107
98 103
78 321
56 211
96 262
307 326
200 134
323 119
220 127
123 281
84 134
307 16
33 22
283 35
348 200
323 53
316 70
48 145
221 301
138 215
196 62
241 333
326 165
343 214
190 333
321 102
323 156
247 79
239 52
162 70
145 202
179 95
261 311
45 253
293 82
139 198
206 227
8 301
112 186
215 22
237 12
336 227
81 72
14 16
43 240
50 123
6 152
137 274
333 291
233 211
19 286
39 218
78 59
129 89
168 82
326 246
258 86
133 277
228 144
324 120
84 79
64 18
132 273
187 84
265 314
323 235
330 315
172 118
87 15
313 40
20 341
290 135
24 343
72 46
259 14
60 245
138 161
209 72
219 207
345 17
45 227
128 78
19 273
185 110
7 107
311 239
192 240
45 342
23 301
151 264
79 335
180 348
244 96
271 204
218 327
280 155
147 322
58 47
8 55
181 180
129 283
33 31
19 262
340 224
294 249
148 149
165 115
67 158
209 48
322 285
126 204
72 211
256 55
124 206
16 190
169 194
182 138
146 114
78 146
10 179
87 253
110 299
200 99
329 216
164 257
33 196
66 239
126 7
197 88
89 184
257 261
1 204
293 64
343 11
103 159
155 13
80 199
227 216
59 252
91 55
93 174
128 150
341 278
289 50
191 333
287 220
266 230
87 256
304 146
60 56
35 24
164 203
33 8
3 86
80 215
70 294
55 90
180 78
334 306
149 107
176 266
47 276
1 191
135 23
50 152
105 281
207 160
179 167
21 148
145 16
192 331
337 209
322 20
279 45
217 83
282 110
318 312
246 216
69 339
319 24
6 196
65 70
152 318
225 243
134 311
151 288
114 268
130 312
259 272
187 179
135 264
322 7
285 128
40 336
123 342
82 165
302 11
253 251
40 221
258 166
158 60
322 72
221 267
247 177
301 161
82 48
322 182
297 289
217 205
145 129
302 107
216 6
315 201
206 213
271 130
211 290
322 89
310 321
168 323
283 27
116 283
110 214
264 219
185 216
278 295
231 344
337 187
268 125
16 237
17 68
27 62
93 14
284 192
284 62
175 150
98 61
141 192
333 156
13 86
296 214
22 89
57 82
333 230
49 236
143 140
61 55
297 228
143 309
157 168
209 38
23 319
13 124
184 126
173 199
23 182
5 89
143 88
282 172
158 334
184 224
212 334
313 168
249 88
95 59
235 247
166 218
304 101
184 273
223 305
301 52
152 88
143 103
226 111
93 197
224 312
344 158
27 248
89 219
210 117
335 60
226 264
176 164
