1000
474 524
731 545
447 168
652 361
95 449
209 960
559 711
866 662
541 229
201 184
25 846
604 385
978 605
81 84
518 596
704 543
63 568
816 893
972 687
642 184
258 425
712 101
989 495
831 427
472 180
801 380
242 246
125 262
946 374
609 654
108 152
601 132
915 684
955 696
384 918
400 689
293 987
212 389
784 62
889 247
453 538
316 95
25 723
389 492
46 857
668 256
15 858
441 841
550 510
164 374
912 91
531 844
408 876
150 730
893 352
399 574
995 510
445 168
102 302
771 256
460 988
215 92
479 83
294 325
884 72
469 933
369 909
679 965
230 447
132 673
134 73
978 498
770 66
141 653
488 633
270 409
491 316
658 615
38 355
98 445
424 311
924 475
923 300
598 31
745 391
692 803
460 341
297 94
982 726
721 562
498 235
260 757
187 107
658 186
128 381
785 733
699 861
544 290
680 922
475 445
696 96
871 428
223 365
701 480
159 35
417 670
78 902
813 79
147 208
815 65
272 645
553 551
694 68
867 785
892 778
927 754
774 986
702 738
787 445
423 254
935 310
925 688
935 831
961 831
387 715
450 762
321 60
791 857
380 68
864 271
956 647
588 723
153 918
898 354
569 729
482 621
187 851
277 891
987 786
474 156
294 652
856 516
860 899
769 491
381 401
636 683
619 496
607 495
312 211
425 745
356 414
578 987
265 841
876 319
875 845
373 146
195 898
550 627
836 74
359 536
537 407
896 326
833 903
203 348
162 627
479 471
444 504
762 350
623 430
526 451
339 697
536 8
563 18
352 231
602 823
135 529
436 805
450 305
395 117
260 430
565 106
101 952
710 337
711 514
696 165
30 429
294 48
938 57
690 515
52 587
419 140
371 74
814 690
203 614
7 823
540 484
307 542
1000 642
129 517
834 989
783 615
146 93
376 156
356 524
201 437
272 144
717 650
290 556
39 473
763 975
781 797
773 719
361 513
957 454
518 58
83 37
252 403
361 84
195 474
771 319
928 957
357 278
505 652
176 381
850 227
644 807
57 700
884 588
87 406
454 693
905 318
558 811
332 236
119 129
504 322
19 406
489 626
743 56
489 628
861 389
623 436
736 51
683 158
430 600
118 516
180 36
453 314
535 729
576 247
75 777
780 686
384 710
307 119
865 192
871 160
811 227
530 339
762 564
787 357
344 432
259 327
599 957
680 884
921 516
488 260
71 485
776 381
700 314
799 251
349 567
231 6
80 247
517 799
412 475
746 618
317 513
146 821
138 612
375 160
479 896
83 754
171 937
735 221
157 20
123 432
344 90
371 538
507 509
224 854
707 451
637 267
840 636
781 673
287 925
560 905
887 364
559 986
916 677
880 277
702 703
468 480
993 163
980 280
799 892
192 907
962 888
334 338
838 588
640 765
287 486
517 869
730 611
251 81
259 784
895 364
11 779
308 645
494 30
458 428
94 266
418 858
780 406
46 825
80 580
335 170
769 994
607 170
254 732
899 92
566 340
122 402
751 208
423 989
346 342
732 989
298 44
982 6
161 35
642 996
672 28
184 122
906 179
702 279
687 514
573 83
468 790
947 313
498 170
780 626
284 678
284 882
618 421
39 141
131 205
214 21
954 792
629 149
609 896
488 410
722 674
104 557
896 139
814 73
123 657
377 801
782 638
234 403
123 265
97 424
309 588
281 254
746 50
584 811
60 414
146 480
380 737
247 671
264 382
26 442
634 169
859 990
143 887
119 583
198 336
989 710
563 811
796 682
433 544
376 469
572 645
71 595
919 221
449 623
844 755
830 276
255 684
193 399
645 493
932 941
612 254
498 64
851 362
775 208
225 819
98 776
442 672
745 51
919 330
169 612
415 607
350 472
395 98
848 546
542 193
209 540
221 371
713 494
750 339
383 247
281 774
36 648
482 70
243 457
509 406
25 576
659 14
764 663
372 512
325 566
184 242
7 630
696 342
704 97
414 619
506 503
513 298
70 922
274 716
166 978
954 512
412 489
51 55
974 955
235 465
636 164
973 879
463 654
251 510
938 643
769 333
668 389
523 622
370 312
817 50
349 783
507 800
884 197
519 158
12 289
463 521
389 478
479 514
79 327
210 317
234 419
862 370
373 132
901 90
982 321
354 882
90 919
61 636
224 106
417 853
29 457
607 862
981 53
697 43
336 687
612 657
393 18
42 352
892 241
75 538
257 478
257 907
982 594
831 874
638 37
734 795
945 951
723 184
418 194
287 816
116 74
453 888
973 109
582 164
152 609
945 677
851 434
943 148
105 821
719 597
506 149
281 540
955 548
481 402
690 147
994 676
156 921
477 188
36 973
71 628
823 928
687 89
719 884
40 64
370 905
887 547
176 786
690 367
837 655
10 92
735 164
608 72
369 900
166 333
714 811
156 459
35 346
635 137
71 431
545 292
180 464
712 328
193 834
204 574
769 797
767 316
856 318
196 206
386 440
364 474
85 420
640 579
541 202
257 932
435 272
881 739
407 127
503 48
980 512
406 655
683 218
329 672
640 414
707 35
111 398
585 700
968 651
457 695
383 901
666 776
885 358
809 345
142 271
178 279
870 194
493 927
690 86
331 20
929 792
648 593
7 452
239 999
741 359
726 342
418 274
228 32
754 314
102 388
61 741
103 295
862 685
890 474
700 290
410 644
141 704
846 903
173 603
316 841
124 215
300 810
934 630
581 151
861 343
815 109
234 815
499 128
485 437
912 675
129 598
472 621
763 565
129 268
908 655
651 861
269 721
729 545
757 659
832 974
556 540
206 597
875 876
556 654
867 278
506 380
715 580
470 803
186 367
74 279
231 913
926 681
174 519
718 66
46 607
337 652
191 90
339 862
318 522
782 486
843 573
383 162
173 428
27 375
216 309
82 146
326 548
116 490
870 335
111 213
905 265
677 218
265 929
7 664
797 681
972 877
641 843
99 359
102 558
276 922
484 140
937 117
316 249
933 835
892 694
785 807
146 896
638 476
399 758
773 648
530 97
658 878
738 558
63 804
757 921
558 715
760 323
361 173
444 714
95 794
842 156
644 524
889 357
624 602
586 618
433 582
720 896
820 736
405 599
956 412
775 149
735 224
242 545
716 974
816 709
564 605
92 703
716 339
819 7
818 530
24 865
60 950
34 864
815 919
775 543
265 974
9 248
483 864
325 302
395 898
173 101
279 248
364 740
355 870
428 48
70 342
51 897
718 421
442 341
954 123
217 907
662 202
414 712
151 969
370 621
812 329
167 317
455 811
416 977
232 535
781 250
868 57
951 949
577 44
266 165
755 460
357 949
274 941
225 506
923 620
471 25
808 654
341 895
133 842
288 228
431 997
598 878
956 957
108 940
213 424
164 92
288 955
1000 579
77 688
422 299
788 66
206 999
745 341
833 748
260 284
543 992
165 568
159 751
536 820
313 527
458 64
88 754
169 832
316 922
915 69
649 446
104 167
647 139
454 489
991 23
419 258
737 505
673 363
568 428
856 697
435 458
23 48
977 902
740 724
533 736
889 159
23 242
174 679
491 827
82 721
382 239
7 507
121 468
617 844
755 875
466 686
585 145
827 648
508 813
513 337
491 393
777 203
442 951
639 728
574 504
664 421
259 185
989 374
601 480
983 417
450 625
373 444
628 135
19 645
338 33
574 645
393 897
229 32
160 935
416 148
783 228
78 75
213 66
878 6
226 905
351 937
406 740
382 649
190 671
341 389
760 360
439 393
247 233
774 327
348 33
698 451
644 538
457 416
717 101
361 281
147 678
968 653
29 960
469 274
573 44
658 374
834 482
465 917
362 48
139 830
512 758
409 750
655 428
134 558
674 461
129 977
427 197
633 191
889 318
152 825
47 191
845 829
635 164
251 815
340 790
699 438
352 856
331 279
702 730
817 908
262 139
592 916
73 595
425 126
170 942
740 466
223 365
71 636
372 4
656 433
632 556
630 42
719 19
805 658
317 352
895 410
707 751
322 988
647 125
461 294
128 194
419 990
14 352
261 458
598 91
914 821
58 769
415 636
792 817
412 614
712 628
809 553
677 573
309 661
284 358
13 173
957 400
717 433
238 932
275 13
325 239
862 990
64 257
843 175
248 295
331 200
876 423
164 158
15 213
373 145
571 184
634 843
712 735
749 438
796 37
915 48
615 433
269 128
18 756
473 531
810 222
886 314
287 949
598 818
660 866
233 953
917 673
229 806
171 397
80 251
611 94
756 668
124 331
657 157
795 495
114 151
691 12
784 433
61 45
286 956
793 286
926 594
595 776
551 391
601 108
697 270
513 762
602 428
695 227
533 60
192 264
602 736
427 612
970 200
723 412
268 404
722 303
78 477
777 781
553 315
130 412
375 670
704 324
426 227
577 83
98 725
172 17
158 433
30 391
5 408
438 376
934 540
181 497
374 925
534 858
12 473
813 57
801 376
824 530
742 848
573 193
683 48
345 934
628 716
195 507
541 557
605 909
719 460
514 336
433 131
133 922
519 716
357 499
218 60
451 18
828 715
433 434
800 375
