969
66 834
935 860
698 81
330 504
830 746
880 766
919 687
670 251
728 82
589 508
411 344
268 828
427 548
338 81
639 541
663 941
596 369
492 247
526 29
359 9
178 83
418 781
641 899
919 170
752 823
904 502
638 72
747 657
398 322
642 271
801 873
571 497
130 354
932 496
723 761
479 684
710 323
42 170
228 636
854 749
593 20
513 303
957 245
36 165
376 505
200 14
157 698
342 228
965 462
102 560
494 708
582 764
379 5
106 307
768 898
670 24
252 684
602 675
135 752
21 652
307 430
544 266
160 19
615 766
700 661
614 427
441 943
715 357
134 200
404 262
713 92
6 639
674 705
167 667
253 910
301 232
756 469
334 186
396 272
701 295
160 173
799 468
297 461
658 65
286 840
199 192
29 913
93 67
321 302
533 640
145 497
705 279
192 516
213 931
965 947
348 38
826 46
266 253
947 72
488 716
176 937
937 604
222 258
283 216
518 397
490 459
769 572
802 817
821 291
832 792
168 638
479 575
531 296
769 477
701 883
154 861
620 637
786 369
484 345
76 75
428 254
342 6
709 802
274 123
390 222
121 353
488 790
378 260
844 783
626 936
904 781
619 804
55 922
918 865
515 659
216 325
824 741
361 656
10 490
762 55
813 504
621 262
804 565
238 541
424 575
52 417
319 475
813 542
694 935
804 203
209 628
25 53
833 237
94 139
499 48
738 148
177 460
756 840
639 420
861 778
701 553
450 534
206 172
372 82
11 919
238 707
467 374
743 672
659 84
479 726
840 434
310 363
640 820
157 943
890 914
608 532
281 61
50 257
734 72
207 837
898 55
69 916
840 483
180 717
782 170
678 161
11 276
204 694
717 525
22 626
808 317
392 567
168 347
832 768
858 821
913 7
828 621
103 43
405 125
157 936
817 884
543 691
85 721
901 338
968 858
59 670
402 839
53 343
734 185
816 813
414 128
417 217
440 925
211 359
404 953
845 289
128 150
306 817
245 177
177 150
429 376
552 637
682 357
777 798
653 784
676 321
522 215
321 91
771 53
377 894
6 913
805 707
151 637
140 378
24 676
244 159
318 168
856 292
776 778
210 228
676 721
951 234
733 252
719 240
280 470
798 789
628 250
252 763
863 33
102 825
480 816
233 695
193 549
178 728
309 361
354 856
577 368
926 800
122 406
633 93
581 317
207 466
499 564
478 605
366 155
176 7
789 2
598 792
962 864
956 399
800 737
718 586
568 934
411 581
845 453
754 565
894 588
94 153
297 171
749 748
853 154
472 4
287 300
787 702
624 952
758 613
595 516
278 41
12 600
6 201
495 830
523 381
65 543
427 426
75 885
222 487
713 195
540 768
609 197
41 455
382 604
504 592
301 527
355 510
699 30
271 5
735 826
732 362
158 389
492 200
144 231
793 221
402 857
384 821
239 220
131 75
381 261
575 634
636 677
283 805
429 388
202 546
209 389
686 605
223 900
478 542
526 147
173 373
626 522
271 667
762 369
676 765
487 368
357 740
605 326
559 597
280 931
728 398
904 446
649 669
186 807
405 26
561 957
425 47
426 457
841 46
753 333
49 231
897 901
148 169
198 123
168 646
146 56
184 397
97 262
712 231
565 763
391 912
210 637
331 904
358 851
800 906
889 952
730 658
37 625
62 807
627 356
851 743
574 443
369 321
357 313
720 171
821 165
598 381
867 158
928 259
536 546
696 770
722 481
467 957
47 793
63 550
489 555
239 206
741 94
537 38
98 53
324 609
239 57
176 927
353 166
959 894
361 437
88 597
967 870
432 853
343 229
39 787
714 968
394 296
18 252
588 1
298 245
24 296
361 628
917 309
118 861
333 407
271 455
52 649
174 494
522 505
538 25
286 886
778 342
669 248
13 583
427 359
603 814
30 824
188 243
887 606
257 960
714 93
25 115
89 439
657 485
405 312
26 271
550 522
851 208
773 58
525 195
654 932
844 914
621 895
965 305
496 947
50 705
57 494
256 765
882 292
583 262
239 549
188 376
480 82
400 823
105 487
531 666
579 565
68 834
402 741
688 811
924 552
592 963
128 828
634 533
594 668
54 534
806 875
458 568
663 420
142 41
257 66
438 73
935 455
349 680
707 744
682 875
920 833
233 50
283 743
620 133
207 324
493 924
43 657
182 850
476 237
492 371
310 647
239 311
768 689
364 708
843 204
558 851
503 686
307 151
848 735
140 87
442 321
285 248
119 338
620 916
111 440
421 849
198 788
724 622
910 960
150 964
218 99
281 528
813 526
486 854
925 685
315 714
73 795
889 510
532 204
647 157
716 96
778 852
201 399
743 769
562 16
672 387
460 965
791 786
646 209
271 737
64 428
546 714
774 784
97 132
740 586
160 69
955 875
11 324
936 29
800 241
457 217
112 965
966 686
372 374
710 374
463 21
835 779
739 224
518 691
190 348
809 336
265 298
774 91
112 593
102 211
301 278
254 473
338 493
99 392
169 29
690 528
681 567
591 527
358 92
2 769
797 482
480 714
484 883
875 352
436 733
873 965
791 599
457 580
508 270
445 186
657 285
952 461
640 356
552 967
614 867
938 77
206 29
699 471
882 660
54 432
308 179
701 593
1 713
819 376
13 331
5 603
195 881
313 414
548 588
497 302
717 817
299 802
376 393
782 763
62 800
62 85
391 224
407 116
510 786
519 968
474 539
856 714
379 603
584 552
770 520
368 667
481 313
254 47
374 793
846 413
770 168
586 334
523 540
118 362
480 329
819 162
405 502
76 367
412 99
544 16
818 968
791 275
941 442
481 525
52 174
661 598
641 488
944 205
859 207
69 763
65 284
600 638
136 185
571 412
216 245
41 686
84 311
393 635
732 509
84 40
789 658
573 722
294 11
819 428
830 415
501 562
337 942
850 921
861 145
694 325
111 484
280 236
670 290
318 473
105 90
707 16
120 280
439 105
53 775
528 435
791 889
311 536
613 822
601 134
244 952
575 325
443 562
319 762
852 470
585 271
763 905
216 494
875 357
409 790
534 622
359 191
647 377
654 43
133 836
326 905
516 960
906 29
466 561
401 940
135 191
747 668
613 826
49 579
457 87
244 364
118 769
11 37
545 338
915 351
86 564
840 53
271 3
428 542
307 566
524 27
724 909
73 949
7 51
41 604
783 264
549 128
802 351
815 825
235 58
715 247
388 424
5 962
808 216
825 318
483 160
870 103
792 453
320 603
387 76
111 660
804 482
351 198
910 391
407 567
859 446
479 385
282 115
18 266
724 641
314 471
695 126
391 797
965 666
257 843
533 202
749 413
198 798
618 300
693 968
945 597
360 424
484 442
260 197
228 150
741 906
199 372
469 445
305 647
499 551
847 343
397 226
728 898
120 739
42 76
115 491
793 245
460 769
789 688
786 905
819 315
58 935
851 599
941 277
530 583
798 901
168 599
658 445
958 136
807 468
89 295
95 665
161 444
552 605
897 64
417 881
827 387
591 675
753 739
381 183
662 303
237 935
299 859
932 772
26 317
229 784
602 709
795 129
38 748
440 855
875 634
358 282
434 479
22 921
486 360
847 689
855 942
939 365
73 603
111 845
39 721
225 98
854 228
833 209
311 421
156 454
41 533
882 7
788 945
310 555
806 917
61 659
303 927
806 776
398 899
76 7
292 676
225 857
720 214
641 951
878 832
73 138
624 460
164 260
729 76
129 192
215 526
434 827
868 950
35 738
623 878
522 672
581 712
92 954
944 229
244 965
657 147
604 858
535 416
870 24
546 867
544 81
181 561
169 710
617 286
215 775
350 301
278 467
173 817
490 892
516 800
746 436
648 46
193 267
187 594
672 74
388 828
59 201
445 384
270 667
555 705
508 98
426 103
217 595
759 813
665 627
413 748
228 800
400 930
282 752
223 625
455 658
43 889
522 831
770 153
417 129
95 240
755 922
860 218
886 859
803 295
519 503
596 172
492 800
213 3
223 637
847 207
696 633
714 119
507 587
374 172
851 103
766 124
624 69
793 325
299 797
172 597
412 589
107 735
103 250
32 905
944 906
202 437
316 120
514 99
26 278
615 515
561 641
412 44
445 375
827 343
73 236
302 221
775 686
918 570
473 74
538 762
670 246
77 284
813 166
99 336
248 201
377 463
915 644
176 318
642 59
744 445
122 496
871 758
450 269
297 915
276 225
54 917
6 893
761 788
604 217
535 613
169 628
279 499
833 388
721 205
716 708
320 201
9 163
546 536
65 257
868 742
871 202
542 592
250 13
428 615
568 480
202 110
411 508
241 101
676 136
441 240
233 745
864 540
285 594
966 231
399 576
484 295
763 495
656 755
396 452
348 216
488 629
6 215
21 815
827 445
716 389
138 84
827 919
570 97
220 157
