396
121 6
300 200
247 97
221 278
23 274
122 300
352 231
393 330
174 295
232 286
319 130
32 232
68 143
357 16
274 372
91 137
258 332
9 379
46 362
205 209
199 205
218 361
293 146
183 12
37 194
171 256
293 160
348 273
70 204
389 133
350 224
103 226
115 51
313 322
128 356
226 12
221 204
99 105
246 276
301 374
25 189
183 236
286 391
207 372
232 325
366 299
192 388
111 247
125 349
304 108
10 368
344 232
200 331
103 130
299 321
383 182
5 59
226 157
385 29
265 134
159 313
175 81
222 317
185 375
297 126
245 305
179 292
98 144
353 138
295 362
174 62
266 212
191 126
179 17
228 196
112 34
305 17
95 115
143 156
167 127
391 90
208 15
269 291
363 99
146 326
33 364
234 107
352 255
225 288
155 65
30 286
211 45
53 21
371 351
286 375
11 156
230 51
319 8
93 374
296 44
211 189
178 367
243 54
265 292
249 41
362 80
153 110
213 67
259 339
392 256
346 367
321 249
92 36
161 93
156 380
349 358
234 143
132 142
135 175
372 198
174 383
287 131
122 254
132 261
348 381
135 300
336 305
146 191
58 67
206 77
102 23
62 92
264 267
163 15
254 221
142 293
50 28
320 153
302 385
3 81
369 81
345 351
307 43
78 229
334 60
217 204
174 17
36 263
73 47
250 168
216 365
226 265
378 183
82 389
377 253
180 79
77 146
34 105
101 97
48 391
59 330
384 123
276 315
277 169
100 182
136 108
184 8
49 116
351 195
181 86
389 151
203 105
388 36
118 106
34 3
321 357
302 165
359 374
211 266
46 369
44 64
172 237
106 348
290 344
197 77
319 368
205 347
298 30
381 53
316 9
218 150
243 378
277 234
151 242
52 274
268 359
317 152
364 162
204 147
118 24
187 91
274 304
70 23
42 26
175 378
198 234
325 345
112 83
152 160
87 155
39 358
360 189
91 86
222 354
174 316
122 396
32 168
305 117
78 53
47 216
392 27
4 269
323 134
323 319
341 352
239 282
329 373
65 77
256 61
250 235
292 99
4 67
39 7
111 113
311 395
144 223
47 39
120 323
169 362
218 265
201 105
265 174
300 78
140 21
146 193
355 264
36 227
159 370
270 324
6 118
56 333
334 119
122 204
168 35
393 147
269 302
61 53
11 370
201 232
219 219
281 181
14 314
248 186
312 214
290 311
55 297
17 388
119 241
134 68
383 105
31 390
22 94
193 251
65 196
16 244
155 278
291 241
92 97
54 57
36 132
394 37
243 359
357 319
356 210
17 364
67 266
366 58
150 376
110 135
233 244
111 276
229 373
235 115
2 342
70 73
4 332
92 34
219 168
144 95
271 325
43 317
124 384
331 234
46 116
321 79
349 67
343 43
88 243
169 46
172 378
284 24
199 366
11 103
335 230
294 211
146 189
351 237
204 140
237 89
164 268
231 8
213 386
172 19
308 108
9 128
355 347
260 219
43 171
219 148
163 55
295 87
293 209
173 352
103 112
262 345
349 186
9 305
179 290
106 244
49 289
234 134
21 129
9 159
367 268
302 17
88 81
175 119
114 15
354 286
28 175
46 213
45 371
67 4
224 253
378 54
238 273
284 145
384 170
34 90
123 173
54 77
174 243
8 283
70 283
354 201
328 94
10 394
317 153
172 256
218 181
304 135
225 60
72 49
197 155
348 68
27 329
200 276
86 294
298 10
136 187
182 296
344 228
15 238
206 358
311 309
230 88
95 37
295 37
229 22
125 375
209 130
245 82
239 68
274 149
106 205
324 215
