276
243 38
38 173
155 51
241 140
114 144
145 18
48 202
119 1
127 165
181 211
24 235
25 99
62 151
129 240
261 23
271 124
189 93
102 60
237 141
188 227
220 93
188 55
91 227
99 38
231 259
175 244
146 28
5 50
152 8
112 136
121 88
97 198
146 267
271 42
121 10
77 189
206 217
264 24
25 119
52 71
187 80
89 115
190 207
207 244
95 88
27 59
93 136
173 47
109 179
175 44
261 187
109 50
82 238
196 55
215 6
168 64
247 39
162 28
204 141
169 156
161 262
276 153
176 174
210 75
127 263
168 110
164 82
139 58
112 202
270 200
4 147
54 74
195 207
188 188
217 15
205 273
57 214
83 257
132 170
242 159
37 147
81 217
61 129
42 125
234 6
92 268
48 227
45 208
184 169
55 195
159 145
168 50
17 71
70 5
265 201
27 22
203 111
170 128
140 263
122 86
205 224
29 21
148 144
150 72
16 265
73 200
114 73
28 74
239 200
21 9
208 124
194 113
251 69
271 148
121 220
7 226
228 222
251 38
92 2
108 194
88 230
102 140
126 98
271 168
73 86
39 216
166 64
200 234
81 46
194 116
274 91
258 120
114 249
188 260
139 106
10 217
187 78
187 234
252 1
81 205
104 29
85 271
59 202
186 168
62 221
4 117
189 3
172 65
22 64
276 94
234 232
178 48
8 177
105 257
154 33
81 22
217 13
100 14
222 200
256 10
234 272
106 113
60 94
188 113
192 104
105 64
206 239
94 83
137 26
184 249
196 192
252 234
52 226
30 260
225 172
2 244
16 189
127 7
5 201
184 269
218 174
27 195
82 188
132 194
271 14
92 268
216 260
38 12
6 141
223 100
99 58
154 227
61 129
251 16
170 173
226 90
12 215
194 165
237 65
183 244
267 7
47 41
247 84
66 45
234 11
29 232
15 113
237 187
136 113
159 187
167 16
38 240
181 84
216 202
3 34
152 222
180 199
209 131
127 13
23 266
117 211
244 120
102 72
79 258
150 72
136 139
63 119
106 92
171 54
142 175
167 165
104 236
45 39
72 152
36 255
3 164
76 142
68 158
250 138
106 85
107 158
70 157
67 38
188 231
49 242
143 223
238 81
240 245
146 229
89 149
123 214
168 236
160 201
131 52
220 154
160 27
73 65
162 91
139 194
11 181
274 54
173 245
208 48
36 8
253 96
26 249
50 255
10 206
201 126
172 54
230 234
197 169
71 146
97 97
267 42
38 173
