139
114 108
14 122
44 6
93 23
70 115
2 13
10 35
3 59
70 38
98 59
134 90
125 4
69 21
84 27
93 114
72 109
88 116
111 79
63 74
126 124
125 30
117 118
20 16
139 129
11 97
99 90
88 132
62 54
62 91
61 90
40 21
124 77
24 59
107 55
94 135
17 128
73 88
86 125
81 43
77 91
124 12
26 38
88 95
41 56
134 77
5 95
75 136
62 129
45 48
53 38
11 99
34 107
97 84
107 35
93 128
76 29
87 27
85 102
132 119
55 57
27 25
131 16
34 25
11 26
75 18
73 93
56 112
107 127
122 43
97 78
54 16
89 36
124 31
22 1
50 113
134 30
94 113
83 56
114 39
64 39
35 2
5 32
17 120
15 106
42 87
101 127
28 123
132 16
46 98
48 14
116 65
7 31
124 119
32 129
36 72
22 101
104 32
111 87
70 44
59 72
50 38
1 34
86 63
43 129
79 101
1 40
93 12
133 25
43 103
28 88
121 132
59 54
3 61
107 78
89 128
36 51
111 124
40 49
5 131
108 5
20 76
134 104
14 76
100 97
26 60
107 108
88 34
110 107
81 22
106 138
90 12
47 33
95 45
76 7
100 98
71 34
41 123
84 62
15 97
