353
167 226
82 130
182 53
334 48
284 6
261 196
194 164
229 65
1 352
92 43
241 209
42 65
241 23
83 326
245 167
244 102
77 125
230 153
333 330
153 32
227 138
158 211
142 49
203 353
316 23
236 195
291 111
202 48
328 130
198 263
305 220
213 82
268 350
175 166
49 17
140 147
130 292
5 176
2 33
78 273
168 8
174 32
290 76
174 136
270 20
332 330
78 348
142 208
348 297
291 182
113 262
289 76
295 301
214 170
276 112
349 12
187 220
180 176
35 255
178 145
165 79
234 52
221 256
41 50
36 114
72 226
313 46
227 265
318 347
67 233
173 246
61 156
169 151
222 332
23 90
123 60
44 114
32 199
98 134
331 112
344 234
173 203
296 333
210 114
169 229
310 204
304 234
330 101
323 84
156 100
222 146
343 266
43 92
289 338
63 255
257 262
264 61
130 209
183 278
25 58
239 326
80 65
229 171
294 210
201 110
228 260
340 232
291 41
174 66
169 15
125 67
270 315
249 255
10 154
26 74
349 230
17 119
352 122
274 251
273 87
342 263
249 40
80 144
146 257
233 36
66 91
209 42
313 34
118 22
78 209
28 233
306 322
80 82
254 304
86 237
341 319
251 326
291 281
155 343
303 286
16 286
105 348
13 12
106 114
65 89
57 209
194 39
310 131
287 150
237 224
265 138
165 15
35 307
48 194
10 157
199 168
130 291
206 150
278 189
183 62
154 276
187 239
19 332
149 26
257 226
196 33
69 5
306 224
51 19
67 151
127 6
186 291
167 261
79 178
200 348
196 275
42 264
341 316
214 72
296 11
301 346
155 1
34 24
12 221
270 222
220 149
252 37
66 221
26 138
19 282
64 240
339 289
105 299
152 108
17 139
98 225
317 47
73 327
66 290
144 286
304 274
239 101
308 305
53 241
67 52
136 242
350 221
99 79
286 203
236 107
119 253
44 214
160 194
305 344
43 21
35 70
28 316
187 79
113 91
271 72
130 51
322 320
58 26
177 286
192 272
69 200
77 342
179 276
156 2
253 338
2 302
48 99
332 330
104 298
316 255
13 247
104 29
141 78
20 44
140 309
202 256
100 326
320 46
317 13
40 16
191 231
324 279
276 57
84 2
211 15
253 308
146 185
84 300
109 147
59 50
74 6
42 352
48 343
323 291
124 338
3 176
177 103
246 333
58 15
100 113
89 285
150 203
108 230
50 214
34 41
244 80
252 339
172 68
337 32
335 127
66 181
321 31
7 138
97 61
55 93
7 305
146 104
211 272
106 73
100 282
67 16
41 257
312 201
27 338
206 68
61 272
124 49
79 22
183 24
171 122
118 134
26 106
222 347
256 18
285 59
62 200
39 181
34 234
25 320
114 132
161 249
197 11
238 214
9 115
116 82
19 166
157 250
103 148
157 62
349 19
91 225
182 308
326 79
56 249
64 79
143 50
167 222
273 72
234 117
191 224
154 137
209 5
176 306
198 207
271 142
46 279
82 308
76 111
7 166
144 347
39 185
62 2
281 194
91 76
216 264
88 176
303 253
35 109
12 169
13 139
46 122
331 314
272 18
44 199
241 96
135 68
253 75
308 152
