1000
679 923
551 244
935 709
777 675
832 801
70 634
8 46
781 221
305 472
418 457
151 270
474 666
35 847
308 485
782 140
875 877
615 471
142 31
664 38
555 688
59 853
488 146
268 536
278 167
281 624
262 403
618 509
295 774
589 619
657 545
980 14
508 892
983 754
882 715
359 701
608 372
572 202
930 545
759 997
667 547
201 885
845 840
906 345
887 787
218 968
835 890
874 23
657 683
573 104
11 189
453 95
747 242
152 883
334 215
945 662
133 336
823 620
525 201
872 159
215 229
441 737
368 285
600 913
582 872
624 86
139 274
413 865
206 267
51 348
594 658
466 218
59 929
70 578
557 597
988 961
501 305
977 864
454 240
971 828
211 325
199 175
1000 986
196 149
461 173
174 756
512 926
994 839
358 608
503 181
562 654
168 753
213 29
781 290
791 423
259 755
600 987
166 138
785 177
698 801
747 826
269 919
683 552
914 993
947 825
902 902
721 932
166 362
943 646
281 488
217 813
248 163
543 241
991 676
128 571
485 943
440 691
118 524
547 266
141 750
986 859
72 95
251 482
754 485
759 377
211 831
102 134
76 579
570 125
605 109
114 138
983 795
102 729
821 943
171 71
795 223
508 399
266 590
501 36
242 91
122 958
805 536
613 931
122 148
837 59
233 622
395 598
153 638
740 216
729 346
883 275
820 595
367 764
963 619
839 330
973 277
793 119
684 810
571 31
666 480
634 332
299 801
178 857
71 375
383 226
621 710
542 76
719 663
272 590
163 614
377 788
965 856
31 964
227 93
822 862
254 94
43 788
296 641
741 61
14 737
616 805
558 515
800 988
146 551
551 921
94 659
844 337
264 230
831 752
586 990
911 866
512 567
388 558
183 999
70 578
824 708
825 703
157 399
633 596
275 303
619 778
927 409
526 549
359 379
49 546
446 567
973 529
222 810
379 822
812 640
191 911
39 928
816 681
422 521
646 902
772 185
936 969
325 591
952 636
797 324
461 294
703 836
763 286
736 626
683 659
85 366
279 186
489 161
801 619
422 148
136 578
633 384
146 272
633 478
198 817
907 525
248 500
773 474
979 766
8 147
580 839
765 359
185 848
721 152
755 352
666 705
766 691
903 466
379 843
365 686
541 189
617 181
532 531
6 35
752 93
677 230
271 159
65 587
928 826
424 894
623 525
935 122
19 798
955 816
893 36
927 492
501 259
251 251
4 524
492 817
410 188
364 607
282 377
672 195
602 285
465 189
866 981
749 692
386 662
614 151
860 185
210 149
797 596
252 441
339 719
313 874
338 871
271 192
148 352
563 818
916 942
559 730
749 132
986 617
600 383
378 368
992 264
655 188
479 521
224 938
377 522
325 77
608 952
705 813
585 547
751 76
678 955
416 289
537 804
149 713
596 189
495 509
964 609
380 206
315 466
447 967
403 288
1000 397
797 643
800 395
762 4
803 704
122 389
461 934
634 877
624 723
364 164
71 566
582 545
381 611
515 806
615 658
828 11
467 141
630 891
561 770
863 899
138 112
582 520
208 321
206 715
675 456
514 616
973 171
637 923
768 26
442 166
367 190
707 288
236 153
266 368
305 977
24 777
284 527
752 582
216 614
310 899
903 202
344 705
125 722
614 870
876 220
631 144
920 993
835 389
21 388
372 942
790 178
572 135
271 72
708 500
245 199
864 454
120 839
918 798
952 5
687 600
433 972
534 908
221 342
996 895
698 290
933 112
427 820
780 184
666 495
706 411
410 595
896 623
953 388
491 741
489 497
9 23
309 654
545 686
543 251
581 287
688 563
347 83
492 220
756 701
86 622
260 980
481 619
231 193
61 116
280 87
643 669
319 101
950 136
568 702
19 433
487 677
507 942
271 877
664 919
563 40
637 914
275 253
751 174
605 631
85 982
86 934
311 418
865 283
709 768
431 159
768 742
842 921
782 171
879 414
563 617
184 336
629 278
73 290
535 497
137 612
479 160
18 384
411 18
756 341
734 434
918 734
3 297
281 950
286 645
111 730
743 787
52 256
567 8
162 541
204 231
908 557
917 397
87 511
272 758
529 311
725 250
585 671
896 653
549 838
839 965
416 225
932 204
42 536
644 691
611 600
872 40
646 559
685 462
631 984
643 550
460 952
850 370
616 481
662 382
931 881
419 45
256 724
313 372
116 614
520 348
741 14
285 879
152 963
985 553
726 393
498 221
12 588
245 790
97 248
503 83
521 912
318 701
1000 929
541 789
153 831
929 952
239 8
586 17
979 1
372 928
617 40
317 935
442 11
131 802
519 954
908 169
827 940
895 732
88 57
354 327
731 65
872 216
13 279
491 825
51 812
165 576
483 17
954 146
513 139
141 205
264 131
710 377
1000 277
668 363
372 339
531 654
370 163
316 620
536 264
16 968
128 867
433 669
951 409
787 828
576 609
88 379
144 187
559 669
351 844
873 929
427 729
710 69
59 961
462 860
621 487
822 397
20 297
563 445
859 445
57 111
457 385
186 664
71 946
680 842
436 174
957 304
482 510
514 595
787 898
210 931
628 164
891 802
521 61
68 891
116 148
32 828
109 627
281 171
414 190
440 532
459 429
388 505
93 999
593 602
961 915
694 417
591 591
256 63
330 412
537 248
360 512
183 715
62 346
739 135
576 301
487 621
712 170
429 65
303 650
983 495
34 264
880 173
777 29
460 765
575 759
630 251
530 120
502 834
473 494
565 279
229 476
558 307
48 200
503 986
956 777
646 727
434 268
110 274
274 14
711 478
874 649
984 485
537 473
583 408
275 789
754 365
381 968
899 413
270 191
401 852
921 428
373 751
291 461
863 521
406 485
663 23
658 736
792 820
96 578
758 261
476 370
353 707
234 147
100 105
912 455
873 380
658 718
906 394
687 360
81 339
911 566
309 519
896 329
513 883
889 866
863 5
382 219
903 624
877 567
368 322
167 806
952 741
454 372
409 918
680 54
240 729
428 665
130 819
344 878
449 406
471 861
159 102
365 201
657 231
78 801
383 277
252 911
738 604
818 160
974 432
895 526
462 886
35 776
550 635
521 213
265 966
583 772
866 503
344 835
890 330
630 170
521 248
780 277
687 590
367 234
408 470
677 355
413 143
557 596
749 556
545 723
940 51
101 593
250 391
427 27
703 731
840 813
444 105
512 215
718 198
321 862
539 786
923 651
581 102
395 705
656 467
876 195
795 703
61 867
750 632
557 663
924 972
948 951
949 257
514 558
697 709
947 834
346 727
207 765
93 562
830 764
123 319
711 265
517 403
662 502
62 634
591 337
70 207
736 863
727 98
186 483
335 648
587 132
737 942
717 580
673 133
92 27
970 873
644 860
511 854
901 408
192 252
388 269
256 453
460 925
229 22
622 147
652 84
93 813
62 705
134 777
648 523
956 968
44 352
320 549
976 767
68 747
400 892
6 777
592 959
355 510
521 394
308 603
506 361
57 984
32 201
693 378
877 305
781 321
674 810
894 700
726 844
496 575
395 530
658 109
941 25
75 822
757 79
396 650
321 421
225 776
451 43
383 609
142 826
736 765
564 149
793 683
852 500
142 193
729 993
961 534
538 742
749 584
26 284
497 456
957 252
516 19
437 275
613 798
982 12
762 503
826 161
395 239
767 48
410 117
505 993
912 443
62 178
899 229
590 713
933 363
858 175
434 916
664 564
589 288
530 465
674 2
58 742
40 715
542 811
401 332
973 873
376 204
618 558
817 818
949 694
754 511
552 307
504 915
309 863
382 725
672 839
299 832
214 681
503 389
345 951
463 969
840 275
78 71
267 919
804 661
470 743
556 81
607 137
178 836
30 338
937 580
200 392
354 409
240 610
931 503
968 951
9 769
62 288
83 456
888 268
503 604
345 737
120 679
969 255
588 263
796 774
534 66
6 79
458 621
357 579
33 590
138 674
107 124
656 267
943 485
600 430
719 901
41 70
461 272
400 300
680 635
562 54
996 928
66 761
142 518
534 364
55 673
622 108
522 453
538 384
818 66
37 16
908 192
298 182
15 772
938 532
652 318
325 569
387 938
769 866
977 928
351 277
719 637
444 869
42 652
952 325
856 848
753 81
477 545
480 677
148 943
322 455
705 423
187 927
483 895
202 167
131 400
873 475
331 3
450 649
266 87
43 408
853 769
412 482
828 796
87 875
264 215
804 638
133 530
564 787
675 453
840 340
32 198
296 692
255 947
604 830
779 93
249 943
93 978
543 622
353 482
605 137
206 420
948 650
80 880
68 956
898 85
540 62
264 855
95 835
242 456
934 448
72 87
976 619
921 197
795 352
139 417
415 468
57 243
758 665
605 418
715 305
69 834
895 201
123 199
716 218
376 44
562 656
29 112
706 622
277 280
51 442
610 518
687 558
606 565
128 654
312 669
411 646
133 762
140 724
986 452
526 894
261 467
391 884
936 200
461 857
926 648
565 851
300 837
533 708
981 917
342 459
545 954
319 207
674 265
346 550
731 82
651 294
883 613
984 301
443 78
329 473
774 429
