1000
638 333
972 742
23 289
51 131
817 834
962 277
198 686
146 166
24 44
802 19
591 489
351 38
904 894
169 791
914 229
231 943
272 368
854 83
330 148
289 907
904 500
858 31
553 272
438 555
703 772
368 720
215 933
348 486
623 842
37 799
488 809
406 285
609 194
879 535
376 124
138 404
53 497
527 955
819 324
130 834
527 783
665 949
69 857
621 594
960 826
21 984
720 966
691 977
445 939
226 610
121 43
408 565
778 464
381 77
604 950
67 558
475 314
783 701
144 555
556 428
45 209
511 468
71 327
569 863
781 99
463 827
372 27
138 535
567 274
689 884
718 472
386 59
768 89
69 665
646 421
509 424
41 338
601 614
657 93
589 144
493 670
695 901
563 507
815 728
852 69
922 522
352 785
889 941
712 459
27 283
476 92
308 650
101 790
867 610
984 957
99 271
968 960
78 432
199 145
401 476
306 67
309 666
855 761
816 520
857 652
861 837
388 270
764 887
156 396
824 977
497 5
561 703
729 263
38 299
937 708
392 303
513 393
546 692
174 664
135 771
630 97
867 136
980 217
212 907
584 589
370 510
390 280
174 226
350 956
613 963
339 900
342 358
280 759
838 404
945 865
261 787
317 195
10 782
338 674
156 339
405 270
408 182
123 424
284 138
542 770
244 660
66 751
382 400
535 279
917 509
52 537
237 135
185 661
454 124
58 270
733 219
225 268
208 14
821 999
632 893
186 925
748 173
714 550
127 719
240 760
526 16
150 182
942 328
640 1000
907 472
728 554
594 841
196 160
327 908
877 656
973 637
618 342
463 602
128 501
243 232
430 984
595 667
323 347
284 696
341 775
819 60
943 448
810 641
571 638
715 13
138 300
710 182
286 391
858 44
679 592
432 916
205 54
426 141
584 832
238 321
699 226
140 266
434 228
569 219
938 532
699 457
267 302
412 582
182 302
934 613
518 723
932 334
938 989
828 721
907 946
167 695
137 914
237 399
165 722
318 345
63 866
75 149
546 120
87 527
63 869
411 564
28 777
237 524
764 546
597 906
540 142
347 955
409 964
72 987
594 992
503 58
196 378
908 894
911 771
592 372
956 886
178 745
660 353
758 167
368 121
460 553
659 267
267 952
881 256
21 633
478 487
81 216
239 809
102 29
383 583
818 290
498 744
527 637
225 431
143 926
320 411
622 884
502 807
295 70
388 232
966 393
373 17
820 500
270 91
613 538
313 854
441 223
56 834
515 697
61 913
30 446
798 866
208 690
142 865
329 954
945 311
794 459
210 460
775 932
372 843
172 381
392 139
215 806
77 675
316 506
461 733
956 848
115 810
322 925
132 412
782 379
328 875
978 536
191 302
215 344
946 900
14 892
884 87
230 28
251 964
896 556
350 498
566 566
855 29
131 733
871 733
15 153
499 626
672 563
15 13
204 253
421 432
156 285
924 30
941 895
287 410
974 29
713 314
957 574
576 975
539 866
696 390
887 317
545 777
924 456
338 952
213 407
81 103
73 665
279 268
380 877
738 153
257 541
91 24
867 38
600 466
861 842
912 520
302 280
200 75
136 694
23 228
300 617
784 129
150 370
695 450
606 502
381 483
764 410
794 92
922 439
503 477
742 758
651 259
924 244
545 325
599 373
497 279
329 674
981 646
227 573
190 604
9 487
180 18
983 510
948 710
708 829
344 626
172 848
349 810
468 228
689 267
394 545
254 710
485 106
432 92
6 706
933 127
601 905
737 750
152 125
671 46
824 14
720 618
608 432
102 298
70 250
941 952
30 182
582 14
170 651
619 781
341 831
113 833
82 974
706 723
532 181
112 360
163 197
149 814
364 616
703 829
551 406
421 737
71 185
730 34
385 308
682 125
257 890
116 878
661 240
218 59
629 668
988 297
230 422
350 891
440 83
996 523
925 338
993 735
401 978
752 232
560 761
999 489
993 787
135 475
835 517
435 190
558 565
511 617
627 133
377 755
665 915
862 355
965 379
75 259
458 356
934 340
334 3
338 701
852 300
293 165
105 251
322 190
583 991
531 30
211 544
70 258
589 527
835 355
702 68
625 474
622 655
689 901
640 775
567 103
812 587
741 136
716 539
210 205
351 224
426 356
892 120
80 768
184 19
179 84
66 723
770 722
90 819
264 686
539 285
56 265
178 539
809 436
609 400
468 949
963 247
437 564
205 569
622 660
472 432
885 351
129 317
228 705
592 822
37 786
422 843
300 663
132 337
727 478
503 789
166 239
86 162
874 364
579 897
728 398
489 776
241 209
219 99
60 245
51 33
207 665
64 78
57 357
717 82
138 178
184 756
308 310
341 467
240 791
207 953
390 726
525 155
187 98
696 740
178 126
893 223
847 24
326 766
369 44
201 74
436 113
419 808
772 234
206 587
378 445
696 442
244 275
24 323
580 571
408 793
84 426
511 200
762 428
419 532
473 940
399 257
426 505
909 873
291 426
135 202
25 874
412 577
874 522
515 448
124 221
176 998
285 47
965 745
282 188
243 443
327 546
393 187
177 432
889 551
244 639
494 731
267 82
27 635
868 301
299 111
704 36
525 222
911 205
690 869
425 761
581 222
762 492
988 336
13 870
593 110
137 432
199 45
77 153
147 523
510 828
643 728
21 532
700 639
478 68
539 197
409 48
818 138
377 105
62 237
836 900
420 314
201 356
318 74
406 397
106 570
867 459
272 309
649 120
21 382
900 140
698 224
955 818
627 291
499 207
44 191
931 384
62 815
506 495
444 200
411 138
898 419
620 583
750 169
33 544
535 539
122 855
347 398
578 50
237 649
873 840
65 669
827 259
67 831
238 348
912 595
465 252
412 423
983 921
52 933
950 374
531 91
424 476
198 239
104 136
849 326
364 870
629 47
698 888
448 864
867 681
315 434
746 958
70 301
537 326
786 536
113 471
858 567
555 230
163 467
197 672
440 35
298 413
220 838
435 284
780 807
171 441
582 785
411 150
632 803
90 263
186 48
62 105
97 653
957 932
595 919
524 282
629 927
364 243
434 761
850 250
329 108
58 538
778 196
957 88
879 546
579 722
307 185
963 883
416 565
762 12
151 157
603 583
336 570
53 385
434 81
150 694
128 479
602 569
529 504
304 178
424 54
564 408
844 457
209 877
530 211
398 482
567 300
644 655
577 996
408 699
39 967
916 265
852 845
167 520
286 80
101 377
994 219
959 698
121 261
304 51
437 586
718 777
534 961
426 105
841 928
167 735
489 602
750 15
633 247
531 639
375 604
291 501
509 795
578 412
392 391
676 896
377 503
578 535
243 613
191 799
52 367
394 718
186 47
957 199
572 398
207 332
726 768
138 109
258 734
26 385
706 366
277 725
29 189
926 508
788 18
875 71
363 519
440 462
774 516
555 890
989 211
19 636
111 25
639 351
489 861
940 215
417 499
516 277
891 138
783 343
928 217
329 42
712 510
433 342
265 388
565 796
379 970
347 135
341 53
978 844
447 655
518 33
293 354
816 336
505 629
220 255
273 16
145 534
694 674
165 917
674 643
412 803
878 455
972 7
541 25
875 899
464 204
878 403
587 713
576 281
691 231
175 248
272 947
661 860
979 161
863 970
506 189
785 492
456 673
418 458
985 630
951 801
116 319
674 498
996 18
18 963
509 715
693 282
524 2
520 392
583 255
459 723
836 408
911 921
103 711
578 584
491 614
328 747
417 212
577 693
882 352
459 783
902 20
740 183
803 201
473 961
284 368
687 398
215 27
262 100
844 348
882 95
47 798
967 436
264 616
77 431
776 747
953 891
800 738
111 345
365 452
720 442
791 38
142 154
799 448
960 711
769 759
228 886
341 291
228 804
634 785
876 804
339 6
903 197
548 648
18 570
711 34
375 311
405 810
581 577
328 272
633 643
490 854
587 88
389 258
47 661
42 116
98 859
286 526
95 453
53 934
928 445
304 630
220 283
411 390
890 812
690 907
920 236
723 756
885 769
738 265
69 345
377 356
401 510
228 103
88 169
377 933
43 724
29 59
435 350
241 198
828 917
169 152
956 142
425 794
61 45
899 482
313 779
688 628
1 464
855 528
265 275
105 675
579 732
145 737
804 51
946 346
67 59
829 710
917 512
349 287
879 984
694 197
664 209
17 588
920 895
98 681
29 511
893 97
608 420
986 618
822 214
847 672
102 585
709 442
956 520
731 645
875 675
567 503
585 910
988 262
667 877
879 897
627 136
904 40
466 327
459 722
457 4
486 73
677 635
977 882
674 438
505 10
376 234
215 957
265 146
339 350
42 719
60 761
353 295
314 263
452 86
370 176
553 982
157 350
613 336
978 801
841 299
380 268
378 784
858 417
726 122
687 205
934 310
688 959
540 163
711 445
827 65
822 523
606 376
811 834
825 93
310 143
895 735
448 225
457 87
673 407
730 525
139 464
87 701
240 858
720 521
704 590
997 256
554 728
767 747
103 724
434 73
9 539
169 373
441 133
316 319
463 644
521 494
875 546
400 299
858 906
148 573
228 977
