1000
695 895
314 224
904 687
508 5
107 489
774 700
9 561
774 139
25 610
747 262
82 853
186 310
484 907
870 718
419 766
486 789
482 174
45 760
22 721
418 939
795 77
231 8
788 318
898 301
912 313
897 835
36 211
235 900
955 260
959 799
564 212
187 534
258 746
755 303
164 608
528 272
31 882
665 724
42 989
755 891
254 746
95 241
775 996
945 373
961 247
742 714
840 587
300 222
568 808
127 317
565 179
689 86
427 770
737 282
83 784
168 558
229 72
288 351
102 253
24 336
183 636
719 941
832 106
748 314
357 351
7 529
712 911
923 711
513 513
765 526
614 703
997 598
886 954
271 942
869 719
622 881
701 766
867 557
648 54
125 339
459 240
188 817
28 375
123 857
765 355
622 723
615 534
771 56
411 271
508 36
932 288
911 326
813 946
494 117
799 172
729 865
648 665
412 623
837 746
562 163
559 189
839 897
440 296
340 854
580 397
724 206
453 235
657 960
280 609
28 111
444 744
451 80
714 119
101 49
363 984
556 882
10 599
727 498
478 727
196 153
628 207
678 99
481 584
841 781
113 230
986 706
964 138
262 614
714 795
121 957
883 289
717 128
823 222
573 734
544 31
124 738
891 801
134 148
343 396
21 610
695 915
198 556
370 517
704 615
570 912
317 156
176 528
835 430
300 540
277 167
182 267
909 351
597 763
598 781
727 484
365 890
215 92
256 311
721 766
293 893
324 313
768 882
391 987
336 335
479 242
720 953
271 826
395 450
371 678
983 551
106 427
168 842
629 999
573 950
556 349
736 68
123 602
135 907
936 703
54 22
302 803
658 160
635 545
477 564
377 125
354 15
17 767
981 583
198 411
130 278
301 591
267 585
461 843
738 783
663 62
618 483
206 888
251 732
674 103
325 369
799 574
924 339
470 65
795 611
93 676
638 419
626 58
857 214
473 817
337 692
729 757
27 941
798 159
261 969
485 275
560 899
567 350
852 938
99 318
710 268
887 544
158 542
561 567
474 687
415 848
475 211
810 929
56 446
170 877
713 620
759 862
914 156
542 576
605 726
952 507
685 527
448 975
220 600
68 807
555 497
688 10
472 492
759 477
49 106
312 991
859 257
835 41
132 373
991 494
110 189
579 82
810 333
567 362
776 669
686 457
560 203
67 670
218 323
866 133
593 545
763 187
825 946
411 987
87 143
974 389
286 812
2 531
605 807
730 623
26 236
116 390
465 957
496 893
553 22
414 372
596 391
286 395
583 837
807 603
597 987
265 391
399 66
646 941
499 644
446 541
537 582
48 193
997 217
113 194
888 669
411 170
316 354
389 218
16 513
313 764
941 100
412 637
792 135
792 1
193 223
663 860
64 232
451 749
680 562
890 881
946 718
807 841
321 773
283 851
198 232
665 650
117 412
399 544
746 726
142 74
664 867
80 638
432 680
256 968
858 456
373 607
684 115
418 439
588 742
616 458
483 448
172 66
586 990
587 204
255 527
67 468
343 380
400 978
13 436
500 943
372 571
543 769
305 60
583 589
951 365
845 45
694 891
360 248
189 277
79 391
858 363
320 610
101 985
326 311
817 317
231 954
508 512
475 72
787 989
573 689
693 558
285 656
778 723
931 551
946 930
360 798
376 627
574 299
917 348
990 251
596 257
906 169
953 255
480 592
760 643
171 226
272 395
759 602
558 426
953 170
771 713
219 351
424 48
137 416
227 46
428 334
367 717
977 599
415 852
663 591
22 778
769 250
652 855
120 594
728 121
718 60
926 147
845 824
369 633
676 1
710 437
848 3
579 122
69 334
21 858
884 613
844 268
184 955
306 130
140 830
831 704
234 961
842 766
127 710
675 496
137 413
679 907
296 789
181 478
515 699
95 732
332 395
949 464
537 889
313 402
760 396
71 190
259 326
66 341
858 958
483 442
711 312
446 545
819 389
770 822
177 35
777 847
474 555
629 805
219 122
558 842
856 357
340 748
983 214
957 353
948 991
165 315
651 368
780 281
375 760
338 462
606 914
74 292
363 311
584 518
243 798
682 941
541 196
130 804
849 614
683 316
649 206
979 258
802 968
872 84
154 656
856 903
63 6
720 852
247 275
999 615
824 708
711 658
447 78
865 263
58 748
665 12
345 323
192 858
89 137
497 458
925 404
218 929
862 406
809 505
983 972
447 772
125 146
250 442
874 267
830 39
281 745
600 562
933 855
522 648
109 923
57 846
641 381
717 399
322 494
595 586
466 956
447 170
219 979
715 978
430 399
929 158
123 998
502 217
517 492
4 208
569 619
931 355
286 739
362 833
948 428
614 886
738 387
847 717
714 930
551 155
908 576
442 316
146 511
241 905
520 833
326 28
826 449
107 26
332 407
732 491
21 988
904 998
930 204
557 2
476 27
499 318
36 114
50 335
807 748
350 541
818 328
510 513
395 543
125 104
345 45
21 551
559 802
588 325
724 971
712 93
835 391
61 153
813 503
138 45
440 65
84 644
535 870
659 948
240 888
142 59
687 746
448 852
754 999
140 922
163 301
761 967
950 810
238 248
127 658
342 673
133 370
892 850
605 205
903 987
767 981
44 719
550 489
405 202
652 289
535 514
103 114
963 211
711 495
278 471
712 563
499 407
998 632
10 308
494 243
89 791
941 514
355 122
67 706
1 604
562 681
846 567
430 82
838 337
187 958
72 844
297 600
787 564
772 848
848 970
904 395
170 999
884 521
5 600
867 53
976 642
717 18
290 63
651 619
934 15
655 525
205 806
337 381
792 362
14 876
443 134
859 654
459 699
276 474
825 439
633 826
466 283
719 950
1 106
334 163
749 765
964 73
298 459
340 893
539 836
322 902
104 229
904 928
727 810
686 595
266 176
302 16
726 643
407 671
423 17
479 19
767 7
679 125
879 825
255 60
607 72
605 371
698 878
167 640
803 981
779 404
563 375
785 246
858 346
703 113
208 32
520 715
632 988
882 476
477 519
463 674
10 636
25 688
522 995
538 952
463 676
696 19
253 135
557 49
435 160
577 166
861 702
338 625
513 782
948 415
162 892
186 400
728 58
580 671
945 708
112 844
294 815
365 356
621 478
327 950
116 123
469 189
628 454
887 276
809 943
926 823
418 876
129 631
874 485
873 199
456 225
496 365
1 230
684 340
910 920
251 283
350 87
819 849
721 516
460 644
642 110
83 631
406 965
729 742
171 513
753 517
707 544
226 59
249 726
196 62
184 951
170 594
963 42
861 666
881 957
852 267
439 230
479 516
110 897
720 178
38 915
112 423
739 367
362 11
391 268
567 366
167 547
71 963
552 330
123 873
327 656
362 83
536 415
693 176
92 803
863 575
204 175
284 246
77 872
643 410
624 688
424 89
254 352
560 917
710 398
882 551
283 523
83 399
593 753
486 542
301 41
585 63
163 491
492 30
169 12
909 879
249 307
246 431
805 401
875 947
897 862
748 996
553 602
597 546
558 900
304 178
739 850
113 353
730 53
295 583
963 972
294 480
74 701
762 155
417 902
15 583
554 891
558 496
322 602
636 963
474 289
732 434
607 976
247 363
260 928
151 687
655 377
938 163
798 447
85 491
955 793
33 893
646 141
813 314
727 763
930 599
749 78
107 239
801 958
46 913
850 77
376 932
990 195
691 709
911 748
714 333
709 120
689 488
716 969
536 552
303 373
297 631
763 305
530 940
128 911
478 60
671 854
43 630
383 370
159 316
691 399
877 288
686 946
428 911
591 698
796 532
389 212
769 804
808 485
216 423
886 564
426 592
420 697
163 476
845 340
906 409
402 932
516 931
424 804
85 401
554 930
655 477
871 706
710 32
421 347
197 547
667 488
834 839
405 872
436 576
805 577
400 161
434 884
787 747
479 925
696 703
826 585
823 274
656 40
455 592
904 810
30 864
360 639
883 5
970 368
843 375
716 170
445 571
575 632
488 897
355 569
272 207
908 206
64 758
495 899
138 523
69 158
807 606
141 842
173 899
366 76
331 280
791 714
335 285
773 803
526 444
183 678
581 88
19 463
365 587
776 654
7 515
335 912
355 440
843 112
282 398
88 840
661 582
734 151
830 42
217 961
282 781
143 744
250 336
564 934
705 572
671 814
615 823
389 499
440 704
937 410
989 167
875 323
685 963
372 404
88 400
772 72
158 867
73 689
388 445
846 598
592 884
305 499
470 669
373 82
310 445
293 647
34 482
743 94
707 581
898 572
128 927
565 894
213 18
481 286
300 747
494 267
120 321
755 749
223 238
849 8
112 18
429 751
556 946
229 783
697 129
980 88
774 428
839 280
961 355
634 551
268 320
412 792
44 674
989 37
566 705
684 445
709 762
422 897
362 383
631 353
43 226
957 591
268 521
796 200
628 300
540 405
627 559
921 71
156 518
469 493
656 256
962 607
896 1000
219 743
870 805
291 110
572 851
811 905
444 255
570 11
606 545
464 310
709 874
279 870
364 602
182 249
228 84
449 487
874 817
252 207
607 883
742 510
367 582
177 226
