213
209 121
107 123
12 29
144 96
130 142
81 144
196 151
158 169
12 128
129 2
15 152
211 123
135 165
18 202
123 77
131 209
122 40
178 157
51 110
164 97
185 2
64 112
157 166
133 92
196 63
92 41
167 201
153 213
90 116
199 4
49 196
140 201
46 104
15 133
111 211
193 213
197 147
124 100
133 88
153 173
205 134
197 5
197 116
19 169
131 34
210 185
103 182
75 111
175 112
213 79
174 169
102 191
185 51
92 178
154 175
203 123
14 4
29 40
12 14
166 81
92 186
173 69
19 145
101 142
103 153
186 132
84 6
124 49
170 203
40 181
35 165
196 190
72 42
98 145
167 2
123 105
83 61
142 177
162 91
204 125
154 206
128 35
178 211
15 71
142 36
38 128
4 4
37 209
132 151
189 182
107 31
114 201
7 12
184 31
73 43
44 190
77 77
129 74
75 19
184 41
105 77
132 24
191 118
103 95
25 125
97 46
80 17
153 144
184 168
81 82
9 17
44 142
56 36
142 11
60 152
51 138
43 130
105 145
46 42
184 58
183 53
63 125
173 102
162 44
111 193
27 77
116 131
188 147
186 4
1 158
69 107
164 75
204 103
5 114
41 62
131 146
162 138
81 21
178 61
84 134
154 29
157 82
34 66
196 204
127 31
60 55
190 172
26 69
188 34
21 202
76 111
109 177
213 80
191 200
168 78
61 39
23 114
135 22
103 149
173 58
118 62
60 15
50 9
208 13
163 86
138 48
42 155
116 124
83 17
18 62
119 37
141 16
192 29
3 58
112 146
51 199
28 56
70 118
74 213
147 194
42 84
159 49
19 27
200 84
18 31
153 107
91 130
33 209
195 210
61 110
142 93
39 89
171 101
150 30
140 154
206 195
26 193
104 199
45 197
199 138
142 37
178 165
6 175
151 145
115 208
141 20
58 15
49 84
50 199
153 89
204 15
168 51
117 163
