612
449 375
65 225
345 258
309 525
574 285
588 184
78 525
367 435
504 515
574 578
90 353
536 167
240 457
282 65
563 31
118 179
395 201
439 244
404 256
390 219
196 520
69 564
168 163
516 547
98 330
326 134
383 127
468 206
340 190
249 196
401 192
204 426
435 321
124 501
344 487
149 335
208 419
339 517
18 552
548 541
110 514
106 318
108 478
544 134
327 294
507 422
41 483
21 29
153 122
580 376
419 200
176 168
101 381
343 27
465 492
194 433
30 574
274 18
161 600
559 126
192 57
16 353
174 538
538 146
523 205
147 580
168 120
259 466
599 437
472 170
273 115
130 476
358 351
281 111
562 488
55 210
43 174
551 604
232 580
532 599
337 263
76 73
239 34
126 82
389 293
230 602
472 194
410 451
589 427
369 169
308 281
109 169
67 609
499 462
530 368
20 317
381 456
108 34
605 11
203 122
338 482
109 71
205 486
73 537
261 111
210 438
410 487
561 322
362 512
529 167
318 279
163 21
415 85
78 75
583 96
421 148
527 347
466 497
72 600
586 182
480 483
395 173
284 278
587 408
224 166
472 567
142 406
396 454
170 361
290 186
158 386
537 446
92 528
101 364
572 311
328 336
127 559
566 427
310 506
199 29
553 458
530 244
27 356
510 567
131 264
517 157
588 539
10 32
283 291
268 154
394 241
213 205
596 136
555 41
378 413
215 416
319 548
512 31
606 190
589 535
593 500
120 471
137 584
320 170
284 307
513 410
590 169
29 181
567 260
283 211
541 90
167 235
51 563
67 357
574 288
318 119
411 50
447 140
491 124
397 113
595 478
399 91
319 191
34 90
47 456
198 477
424 458
114 413
319 4
569 26
493 250
353 612
59 163
397 480
483 70
263 503
493 550
490 80
503 429
516 448
379 388
474 39
510 497
328 562
144 172
566 404
438 362
433 564
178 101
375 365
461 1
159 439
285 486
449 496
379 114
382 68
472 225
149 600
452 395
400 571
134 128
276 502
488 418
96 53
367 397
326 524
212 317
146 105
460 518
574 363
211 556
266 97
116 18
180 285
30 394
80 319
20 388
267 257
479 479
497 305
37 405
607 514
171 13
326 560
202 134
163 226
583 102
48 396
331 516
595 213
530 349
208 433
445 432
188 341
82 583
171 561
263 281
97 146
252 334
608 419
22 401
171 4
78 390
219 15
231 116
471 327
334 115
324 140
177 184
298 234
334 6
488 563
414 198
310 311
304 535
452 11
423 227
110 264
591 48
298 368
46 214
196 369
564 101
370 539
474 88
32 556
515 255
165 105
126 443
307 455
484 151
280 307
507 192
202 457
579 120
196 301
291 575
517 373
411 150
85 484
511 179
54 474
223 611
275 293
465 227
124 85
172 172
21 410
43 216
135 369
57 253
393 512
100 68
318 47
313 497
454 535
585 350
258 463
392 493
406 379
282 123
97 435
498 347
606 523
21 494
191 411
143 238
326 268
92 173
303 99
357 276
443 344
13 131
4 9
25 309
420 8
221 62
441 438
62 375
13 98
86 208
36 122
154 155
573 219
37 10
401 134
167 331
376 230
251 316
147 343
405 355
70 351
140 329
396 472
575 381
515 375
607 88
243 213
214 168
368 424
214 547
202 260
523 429
260 297
561 262
90 573
44 289
369 163
327 440
589 454
323 29
568 360
482 431
41 88
3 350
160 132
75 247
79 196
436 88
170 487
580 591
391 309
597 435
155 184
23 121
597 482
560 97
25 301
44 174
585 148
361 533
37 366
67 248
140 329
556 361
160 590
462 299
594 407
241 595
275 210
37 359
572 139
494 55
147 321
523 433
475 214
158 553
380 253
55 42
484 574
515 195
550 588
526 335
117 578
97 159
244 114
608 519
511 534
489 465
434 74
160 248
197 246
387 262
441 400
439 17
393 85
375 512
8 136
468 540
598 262
383 51
340 347
434 604
32 404
194 311
525 456
190 521
551 43
484 538
301 231
393 168
199 491
569 235
294 506
216 241
286 53
474 334
275 502
492 5
348 276
443 91
361 490
40 306
596 322
525 582
605 160
196 120
513 204
326 511
391 482
166 114
35 447
404 214
117 532
517 419
60 209
78 521
26 336
521 545
372 126
413 588
191 366
609 48
147 488
264 447
240 231
14 495
202 443
120 274
367 340
25 422
359 364
51 23
210 294
538 562
281 90
450 335
603 469
310 391
231 432
514 543
110 514
114 393
551 377
176 254
252 4
340 603
458 488
139 297
532 522
389 581
344 5
18 131
286 55
2 8
463 586
225 475
366 525
345 306
15 65
38 492
448 446
450 156
388 411
4 344
361 185
143 368
496 273
230 217
10 59
140 359
319 56
106 208
368 586
258 38
124 355
490 84
279 575
239 447
68 544
522 3
343 142
338 518
510 418
98 7
256 344
553 234
238 608
181 14
293 537
461 16
443 32
209 416
413 395
216 240
180 487
45 123
371 438
354 81
120 164
268 286
472 217
410 230
464 597
203 549
215 318
306 504
148 529
560 360
474 147
414 310
267 508
588 541
46 558
399 67
120 515
468 73
40 2
358 409
392 93
608 520
424 575
172 60
570 164
564 187
361 366
568 585
27 173
586 466
383 371
565 460
243 464
248 185
56 471
532 425
515 115
259 305
434 320
530 523
342 430
210 60
384 275
45 176
233 494
267 324
511 339
210 257
453 511
468 446
244 314
362 380
530 552
168 200
418 402
304 81
21 158
90 228
101 326
30 297
39 6
24 563
583 543
