1000
910 14
893 608
80 59
879 567
395 700
93 792
115 781
631 286
227 590
957 790
332 848
19 118
431 98
604 112
527 796
43 530
3 391
796 963
313 491
570 21
861 985
990 502
467 891
887 895
907 48
100 117
871 214
462 770
280 136
598 740
868 306
802 5
743 78
392 484
50 431
607 933
5 623
395 672
202 255
336 32
802 900
737 229
924 41
840 655
709 860
576 551
237 680
74 673
739 163
487 128
681 810
963 346
984 447
475 578
107 691
590 950
903 732
35 118
741 536
717 521
24 769
355 723
203 392
555 103
530 379
163 760
51 600
621 669
179 727
754 193
381 557
989 727
339 519
656 828
16 958
157 919
951 921
489 379
720 46
798 159
283 666
216 209
918 56
203 978
111 835
178 614
725 143
237 982
122 725
344 376
903 355
298 700
497 257
71 739
692 876
481 892
199 808
631 121
606 328
18 754
600 865
872 81
333 52
498 801
744 956
74 113
648 788
35 814
106 688
989 253
759 391
466 690
511 232
964 377
567 157
963 242
548 698
738 872
502 766
195 285
393 909
213 988
272 43
705 907
861 324
425 362
138 838
841 131
428 655
368 801
959 755
904 997
36 406
612 146
72 459
688 818
930 229
691 479
241 858
413 210
689 984
876 132
23 394
668 217
42 338
694 401
644 405
403 14
584 868
42 69
6 60
722 166
666 608
264 838
202 624
519 449
97 473
773 569
155 895
731 988
708 733
269 441
86 457
332 651
157 61
57 583
360 469
610 196
777 123
709 119
74 522
806 180
19 431
167 479
530 268
38 548
322 753
942 1000
890 518
249 636
134 799
229 916
133 27
600 617
902 182
386 8
513 229
61 267
404 122
963 144
414 433
165 890
203 507
973 829
350 609
704 31
468 435
779 173
799 712
624 610
770 100
896 821
873 436
18 628
97 94
867 503
649 605
347 193
701 286
409 358
179 8
130 937
211 203
866 471
758 49
452 865
926 759
2 960
796 565
486 976
611 235
682 574
267 814
826 880
792 857
307 413
762 887
44 140
98 405
35 976
961 785
982 138
191 308
24 579
489 496
127 117
490 190
274 505
921 986
258 738
185 983
80 640
486 462
134 492
468 613
555 628
909 305
718 12
137 148
811 64
642 41
57 949
221 674
89 985
471 423
319 803
390 504
65 506
637 385
196 368
964 187
489 923
428 541
776 757
310 135
248 824
365 257
636 931
144 608
934 647
255 113
822 932
448 271
872 418
857 290
603 367
623 116
317 729
580 31
412 611
474 755
374 249
222 231
324 30
202 713
360 767
934 424
956 363
440 122
7 918
39 174
364 876
481 676
623 134
447 152
400 591
695 436
692 453
527 507
842 89
659 785
564 999
755 800
125 909
595 891
389 979
396 922
9 721
434 961
411 94
799 510
808 576
222 523
689 487
720 917
924 642
647 142
429 102
48 513
150 690
883 89
690 115
134 767
558 99
412 969
225 954
739 421
762 872
427 54
198 84
695 31
566 667
156 311
290 176
227 5
278 685
43 265
901 845
682 950
204 563
294 36
427 165
351 454
236 456
852 829
424 78
846 828
720 992
862 804
587 292
37 526
798 128
844 841
184 793
373 717
989 187
899 155
984 593
694 872
448 782
68 82
642 80
379 528
446 54
629 301
845 92
401 754
436 42
62 374
999 129
611 589
103 272
595 660
975 276
335 510
987 980
358 501
794 234
541 65
50 461
831 495
308 475
431 330
237 52
863 394
743 568
115 400
648 350
382 267
519 682
341 243
599 395
635 561
460 344
192 667
313 637
807 742
852 595
650 914
994 528
310 37
739 91
472 604
862 707
601 424
155 502
228 799
759 662
965 620
433 424
284 69
949 244
990 328
326 479
630 220
506 454
55 315
368 638
95 972
727 138
810 111
628 942
791 807
727 193
561 848
682 530
485 504
784 406
23 116
65 519
223 272
198 746
837 810
96 4
104 654
615 134
570 204
950 959
460 627
701 38
135 951
172 596
338 884
118 256
440 771
120 356
276 274
764 861
932 854
605 784
928 935
906 260
488 220
927 398
469 150
420 542
303 79
978 469
867 788
110 595
623 875
663 166
814 457
524 865
254 334
221 505
345 880
136 85
830 719
78 193
90 899
358 938
794 791
330 787
157 662
197 149
667 640
570 69
496 432
226 607
992 774
725 664
75 430
519 680
331 168
674 426
167 642
117 932
896 617
506 961
566 436
648 421
243 172
896 34
181 518
393 142
7 208
200 284
801 757
722 923
496 357
355 133
782 58
437 657
835 278
181 597
370 769
891 434
237 286
11 371
379 464
992 658
164 961
194 393
455 297
453 144
810 691
543 328
941 552
516 338
299 979
150 110
471 809
888 239
481 848
343 375
185 862
562 191
535 593
877 7
130 945
310 809
392 359
733 400
937 152
466 923
869 97
924 919
862 830
82 146
812 561
511 17
257 744
121 619
227 460
638 188
589 382
656 204
529 28
515 854
725 242
415 353
457 22
640 710
80 527
924 516
406 518
512 897
326 616
505 627
151 917
852 651
447 863
998 483
683 640
748 67
307 230
614 954
502 104
291 468
868 840
184 22
653 51
836 236
108 973
944 912
973 378
891 977
478 433
120 168
509 96
923 797
239 460
684 975
696 632
883 814
333 553
962 646
249 296
6 880
88 555
544 2
39 913
719 625
938 570
750 103
997 743
204 508
918 952
644 504
419 148
648 684
302 758
411 544
633 547
293 304
136 848
36 710
995 363
902 35
570 529
365 825
433 898
493 219
19 874
848 113
52 200
959 793
409 84
41 750
553 559
210 88
888 237
998 303
9 601
745 501
37 819
369 568
482 712
193 408
329 264
957 412
854 415
410 613
300 429
876 597
590 880
565 402
884 961
1000 881
386 216
471 106
781 465
425 943
736 379
960 759
908 577
51 503
455 455
273 972
588 91
628 978
605 896
84 636
197 348
120 48
189 166
705 128
180 906
824 740
295 483
751 262
681 567
326 324
116 145
761 557
617 213
173 598
534 231
821 859
737 853
924 244
343 756
52 894
232 8
528 376
867 651
791 883
417 414
201 908
441 406
230 527
497 483
79 16
227 757
555 810
884 781
111 515
952 592
591 582
515 282
273 72
904 231
774 646
622 985
872 729
815 755
804 784
853 159
139 95
912 790
247 60
426 716
977 194
724 376
472 825
206 782
394 440
944 945
391 628
896 290
543 517
439 56
402 854
165 768
766 822
12 720
736 748
911 460
429 128
159 173
637 336
288 675
374 547
789 12
305 973
282 297
529 347
194 115
807 544
2 9
580 665
987 487
448 609
673 39
52 632
385 268
224 786
113 392
510 636
10 408
312 425
842 503
505 210
587 839
844 129
233 440
319 477
38 774
816 887
142 862
169 743
27 221
597 868
715 859
865 384
79 289
221 492
161 799
612 469
36 896
124 721
285 494
585 570
413 204
78 467
41 295
262 830
272 582
948 980
924 285
981 633
774 136
121 550
561 498
468 471
266 798
766 793
556 942
779 362
967 493
589 517
445 379
42 996
957 996
479 300
360 88
673 167
522 876
922 235
895 606
937 289
384 312
75 963
824 597
947 930
190 815
855 865
866 980
492 418
720 484
283 682
698 155
550 496
583 908
210 918
623 676
471 172
553 138
384 972
330 709
645 883
735 267
548 576
351 492
220 14
852 123
546 897
965 803
731 211
614 530
357 671
507 35
138 14
197 7
69 902
947 320
593 715
400 581
71 844
218 812
168 102
876 456
232 536
341 183
123 7
694 985
517 573
495 815
503 972
195 434
438 67
398 994
956 405
834 174
260 926
693 778
30 663
708 203
646 747
864 830
675 624
280 608
505 364
325 917
812 972
675 830
985 922
49 153
248 806
441 480
579 752
761 104
318 92
233 482
880 215
873 185
609 339
662 835
271 534
324 815
94 885
594 958
177 204
982 762
845 25
912 95
309 25
207 184
777 601
997 242
898 483
379 411
64 174
956 263
577 285
692 105
55 483
654 564
589 814
60 422
927 759
982 12
156 368
48 495
48 317
69 639
109 919
903 718
376 984
949 672
135 106
548 183
821 694
914 282
42 372
538 784
796 111
916 556
558 862
122 464
433 463
669 594
866 789
639 562
481 263
442 273
354 886
479 735
289 99
411 876
777 284
216 721
74 655
288 969
650 659
504 12
451 462
490 446
264 267
394 313
360 520
289 458
465 227
92 474
486 353
447 216
901 653
148 398
319 622
520 50
447 609
677 627
595 617
476 554
177 507
856 232
91 331
794 962
992 70
903 654
818 698
623 194
127 676
220 399
517 448
471 277
713 246
171 678
906 954
302 546
882 542
858 267
542 264
795 622
809 381
475 190
768 387
573 757
547 162
801 345
303 92
372 785
115 950
838 459
87 274
293 624
2 777
899 354
527 526
645 831
610 174
663 159
57 760
805 820
420 742
955 356
248 685
777 929
412 858
432 194
681 486
65 748
131 857
991 623
781 373
605 750
16 778
541 517
583 678
