1000
183 632
76 11
417 341
797 270
25 767
77 251
205 662
852 497
52 910
533 383
51 774
539 259
499 532
576 996
357 418
786 508
520 289
738 690
547 507
251 555
893 322
401 876
104 941
521 199
526 901
471 832
219 663
920 716
8 211
744 418
506 748
184 548
141 86
455 714
363 869
904 738
685 190
583 17
53 143
8 447
401 343
797 316
301 859
70 338
255 150
357 53
75 534
870 120
522 305
299 370
82 588
695 985
261 948
199 839
452 769
866 380
579 115
500 326
320 318
133 170
854 867
709 641
763 484
347 328
591 189
102 291
965 741
507 10
678 96
506 463
9 859
809 442
890 706
151 676
814 383
846 228
804 831
193 373
57 902
47 987
144 128
491 667
908 876
526 594
908 90
680 954
486 807
793 758
995 695
646 192
810 541
998 186
884 927
606 729
68 549
756 596
716 480
120 88
802 232
849 963
150 223
555 32
557 786
359 762
46 825
365 285
117 964
817 523
47 979
314 344
636 787
638 979
426 822
18 260
706 144
247 100
636 324
882 329
129 623
370 268
513 224
864 188
67 413
212 889
553 471
33 35
184 351
793 787
326 897
935 349
621 954
150 610
963 784
930 941
226 455
189 11
436 697
906 93
947 902
326 95
416 312
741 743
427 259
49 735
280 250
629 361
115 336
958 700
247 688
159 355
423 651
645 853
194 945
157 635
798 745
944 314
441 314
56 878
383 200
714 587
929 644
635 36
22 792
608 962
671 519
733 752
732 46
859 298
649 626
305 967
884 360
3 673
83 305
61 104
473 664
47 273
730 449
685 911
361 960
116 623
939 576
48 930
353 835
263 771
382 85
916 529
147 211
347 459
883 644
179 557
913 304
733 534
902 239
244 124
129 901
29 972
121 312
796 499
468 974
208 595
278 794
222 578
718 98
683 534
174 143
749 384
56 4
395 625
266 27
710 546
494 35
21 391
337 245
120 641
510 222
365 198
457 498
116 596
823 358
672 146
12 642
929 801
379 710
171 18
105 167
921 997
346 983
406 144
467 842
47 624
674 115
263 570
27 793
795 301
830 752
399 271
97 46
927 205
414 863
246 757
735 348
460 285
423 700
300 509
187 831
998 654
45 157
644 40
20 710
67 912
955 854
402 490
723 424
117 827
707 950
149 577
945 392
448 125
346 706
144 66
828 186
341 335
42 112
417 974
900 772
457 510
686 42
90 693
54 137
894 631
830 349
918 802
251 229
565 261
417 155
767 791
110 118
712 970
896 81
971 41
317 533
958 693
636 153
781 738
896 380
829 958
848 229
107 788
523 375
722 264
863 827
186 55
5 214
695 352
480 516
824 269
228 456
402 690
396 236
72 706
222 142
926 98
44 553
618 726
320 229
654 913
9 68
666 457
868 913
523 354
463 566
221 764
839 351
981 1000
818 986
7 742
371 145
143 327
814 725
941 142
888 27
712 586
992 727
651 847
558 573
27 157
902 358
227 987
253 32
581 138
718 271
92 495
558 187
527 421
227 666
276 471
908 628
75 677
528 308
302 819
257 378
174 300
162 298
552 656
487 101
187 730
465 828
201 771
796 968
441 484
397 37
848 848
759 223
571 227
124 406
629 223
285 13
22 929
483 656
839 241
408 759
166 757
192 913
538 480
857 278
495 57
295 970
169 346
180 424
566 964
472 419
472 805
342 810
542 553
447 873
201 224
937 474
770 289
816 638
78 374
128 975
68 231
539 108
686 232
849 92
401 118
158 582
368 600
554 95
741 705
70 816
736 489
647 87
822 848
833 162
65 740
220 866
274 460
251 5
72 656
616 883
169 680
7 629
360 427
515 974
625 74
901 254
129 517
667 977
151 221
577 874
436 292
206 6
800 758
170 12
696 793
93 240
244 140
447 329
37 323
412 956
819 873
936 940
302 653
557 815
20 334
603 520
880 321
266 346
345 342
317 26
497 646
839 384
254 457
421 825
690 553
622 692
159 147
934 380
641 679
885 705
460 788
818 590
993 641
919 830
208 986
590 660
400 554
568 899
312 11
837 35
88 402
184 719
596 459
891 535
902 563
68 977
782 592
577 512
76 562
871 215
264 345
872 462
30 34
140 710
347 3
124 86
319 272
199 385
202 940
720 336
917 988
944 648
255 666
730 737
691 461
257 253
710 443
423 148
356 464
464 517
195 425
188 315
940 47
576 715
154 389
509 348
595 219
444 734
250 871
113 848
50 670
551 741
559 973
77 142
992 324
197 759
724 106
962 299
704 723
627 217
706 449
69 883
298 383
201 969
454 758
656 612
241 707
48 384
335 566
284 540
513 62
837 829
131 49
155 789
777 536
49 733
582 720
312 778
472 144
559 201
66 745
794 59
893 924
410 304
258 955
96 763
607 958
25 236
749 448
832 503
706 826
286 388
806 204
561 661
199 138
90 946
441 234
32 535
727 853
886 549
378 991
153 120
878 686
892 331
826 912
436 673
951 597
270 762
656 634
301 315
193 19
462 674
249 174
881 655
638 15
593 897
217 743
129 92
693 96
111 467
474 372
603 349
775 91
651 890
241 486
380 613
512 857
1 40
35 83
455 210
324 826
21 682
903 874
64 329
363 549
527 661
934 314
800 709
545 575
976 161
143 53
291 449
830 683
534 656
584 757
712 767
996 205
591 989
492 744
78 523
963 91
606 35
942 182
734 778
187 166
643 782
446 372
604 120
442 380
76 698
687 683
793 896
371 671
153 873
289 822
350 782
279 504
58 757
422 88
664 17
793 433
939 153
266 900
782 335
707 153
209 371
951 779
309 983
144 318
664 681
909 739
564 323
313 386
262 154
391 575
943 812
173 255
816 188
167 342
349 952
429 315
744 687
340 400
3 583
909 677
341 181
239 81
714 428
72 407
743 330
24 933
761 448
852 594
297 608
847 528
695 426
913 77
606 81
41 302
18 243
908 454
226 82
732 738
163 283
153 973
57 215
360 381
720 627
58 41
368 974
880 367
367 368
346 310
590 947
11 305
715 254
5 495
233 593
566 683
574 530
335 863
732 826
475 409
228 579
755 182
596 492
703 362
800 253
160 772
503 422
230 883
105 657
914 722
141 467
758 574
436 94
991 251
173 770
880 514
269 453
914 262
708 272
4 884
785 950
2 303
268 341
676 789
566 669
560 771
434 46
739 8
549 161
507 763
949 2
98 34
560 281
880 7
481 838
340 462
147 229
896 28
754 839
558 176
457 245
333 801
42 608
619 223
175 855
813 2
700 571
866 609
65 561
134 476
701 634
549 492
128 99
579 199
574 109
788 794
281 130
322 337
639 509
231 879
436 336
134 208
251 334
246 851
378 29
369 686
485 731
793 1000
325 111
382 92
346 802
671 752
768 193
290 532
996 274
524 610
898 361
632 677
120 961
601 449
635 677
623 46
589 159
986 874
383 739
98 325
608 433
928 702
308 47
709 798
446 344
774 603
416 152
621 998
152 958
626 919
229 269
678 855
377 364
880 599
808 166
923 832
806 93
119 800
512 971
572 640
272 349
635 110
247 694
222 313
63 312
29 263
791 152
773 261
712 544
313 38
262 817
746 971
660 575
516 859
625 566
19 154
175 411
263 254
429 426
714 298
721 698
363 559
175 284
747 916
4 499
256 974
291 785
545 234
629 768
394 467
222 700
20 409
819 286
94 382
585 406
333 130
361 807
587 643
393 59
695 856
354 196
293 188
268 493
97 192
618 83
772 277
309 516
692 151
327 377
967 98
816 977
838 870
289 105
259 624
889 111
981 677
420 14
831 164
900 692
537 83
555 651
784 424
36 203
858 165
338 682
567 656
864 916
787 18
899 941
10 6
254 852
638 202
432 698
488 483
424 368
67 719
267 82
681 611
59 299
778 528
106 763
168 780
693 393
435 164
182 809
933 650
12 264
325 688
173 227
840 897
699 76
123 396
792 847
239 504
248 186
733 651
333 796
329 91
841 499
421 636
761 67
84 716
700 532
765 268
324 491
319 100
806 834
151 38
471 906
571 66
910 180
223 159
559 749
168 834
659 546
968 723
229 885
290 783
480 805
709 230
626 102
254 390
248 502
76 601
840 997
400 332
41 745
278 574
871 246
243 192
148 67
723 975
643 739
426 866
836 342
804 622
733 261
349 80
408 224
555 159
126 834
329 159
434 390
260 259
554 300
372 771
974 868
588 359
564 148
532 349
899 767
606 428
713 901
236 855
430 176
356 68
688 247
33 100
712 926
836 836
700 194
692 761
572 966
421 629
427 313
606 754
193 855
952 475
126 802
938 835
696 673
549 810
787 287
170 435
426 73
703 727
823 918
154 765
699 583
42 935
749 356
413 375
515 625
752 183
44 378
343 472
688 976
990 687
199 796
571 876
663 203
587 528
118 466
666 844
494 46
684 98
439 233
765 76
828 989
836 361
554 996
958 601
201 72
920 251
710 321
846 381
908 390
880 489
936 534
504 801
28 923
193 338
746 164
680 692
755 139
93 302
191 520
28 841
210 459
582 473
