1000
976 267
639 541
66 152
938 234
347 856
378 295
392 959
721 211
64 840
943 692
270 692
597 574
355 145
354 295
57 176
341 870
206 189
655 575
831 96
791 168
306 585
458 628
554 920
484 26
55 672
320 468
685 824
473 730
219 993
713 292
849 956
778 563
90 159
450 853
909 467
659 506
556 591
941 840
422 871
605 428
477 432
57 456
918 477
601 357
1 176
90 333
253 730
663 264
633 444
417 92
544 787
797 88
353 477
506 213
330 458
136 137
2 61
398 304
93 8
214 219
612 716
334 194
315 898
972 592
55 690
912 832
368 192
774 485
525 439
261 391
900 273
451 99
404 228
985 249
864 60
353 92
673 398
286 487
328 364
141 141
23 964
590 209
756 533
738 609
109 545
277 703
26 459
62 711
581 469
406 543
576 135
651 957
388 814
43 39
525 55
273 590
539 871
70 662
448 44
558 914
233 286
659 568
708 731
236 951
407 941
906 23
712 44
241 236
456 334
267 491
133 481
343 795
483 143
233 64
358 51
22 930
515 34
299 109
691 361
431 104
659 463
843 229
514 661
563 506
470 197
82 472
593 674
161 615
244 935
945 347
276 605
702 205
420 65
591 404
633 328
181 202
906 704
586 839
360 863
139 333
946 200
46 204
997 117
659 189
819 430
413 958
205 485
986 774
705 207
230 599
612 695
586 124
1 710
392 998
38 856
172 141
63 702
590 339
628 498
65 648
457 410
626 142
244 540
57 256
392 189
157 847
894 946
910 276
153 15
412 214
606 101
621 392
413 599
515 407
204 585
341 159
516 814
695 505
862 163
561 880
826 242
784 377
689 764
378 260
104 170
324 888
845 179
430 569
714 549
88 74
428 214
392 279
829 846
733 179
946 129
563 169
540 196
967 239
801 155
318 615
922 317
723 839
749 355
611 31
304 112
100 133
638 743
572 21
34 332
162 643
124 808
660 931
791 697
855 677
160 876
225 488
918 44
303 936
632 16
564 798
566 643
153 729
773 993
893 279
356 596
80 416
520 923
121 508
90 572
547 520
493 661
837 938
355 471
91 541
952 382
963 634
418 79
418 982
366 98
992 832
753 260
467 983
870 225
588 970
996 313
288 864
184 572
154 454
163 617
347 386
967 62
938 323
131 353
652 207
299 80
326 372
276 533
364 525
549 560
840 217
796 315
979 356
97 630
806 713
737 48
110 73
508 997
181 66
761 272
301 93
359 69
817 589
470 596
707 307
965 21
156 483
547 439
270 563
331 176
616 829
51 332
55 923
633 422
537 978
21 426
804 598
826 380
536 874
518 802
29 374
596 549
521 189
212 921
973 98
288 355
275 697
649 553
244 617
46 760
224 273
783 61
382 42
843 53
150 677
402 832
68 345
664 699
180 987
311 863
779 497
973 769
132 853
56 209
841 179
822 506
226 554
766 345
657 775
667 252
675 730
209 839
4 758
923 374
313 404
889 72
85 20
69 40
764 658
465 79
679 675
405 941
729 457
604 83
152 183
780 65
884 740
130 374
478 787
278 940
21 166
802 982
356 337
795 685
954 808
732 914
299 958
555 269
819 983
193 506
864 963
535 337
550 593
287 553
916 916
990 477
265 861
209 110
5 141
358 787
370 709
828 965
519 873
281 757
2 860
694 216
485 921
659 584
544 822
758 425
585 592
392 352
269 41
253 374
658 443
957 372
268 384
77 727
506 629
621 221
885 522
777 49
39 471
995 366
351 443
708 435
369 442
581 871
868 234
682 142
105 175
81 640
964 271
645 823
637 552
561 435
170 937
484 171
463 417
394 447
554 959
118 242
183 720
591 888
156 840
453 989
803 791
184 343
549 495
317 547
617 491
775 888
248 161
293 331
58 922
29 981
858 38
845 45
862 12
178 672
879 203
424 320
779 308
137 710
814 77
571 381
347 501
689 436
89 87
756 893
275 951
342 752
305 870
884 663
464 235
263 49
768 693
778 348
378 603
660 933
630 163
89 811
104 146
417 848
30 831
55 44
254 861
590 791
57 241
918 259
777 334
243 500
858 269
116 785
597 985
996 754
752 279
942 349
36 980
817 806
711 798
228 114
980 117
523 972
310 34
741 754
283 181
700 593
550 147
247 277
690 701
362 82
234 158
662 174
392 853
389 293
627 419
66 23
53 762
964 88
557 951
997 652
565 32
175 774
748 11
162 350
461 695
203 736
317 881
468 863
591 927
749 843
236 916
195 72
547 889
255 989
774 716
175 578
577 146
622 459
903 439
333 360
254 973
659 446
467 820
192 906
563 536
856 201
884 330
209 643
844 31
858 903
544 665
363 665
360 170
458 334
635 195
784 629
225 841
782 90
216 795
16 397
958 449
891 29
604 680
964 721
752 711
109 263
62 257
984 332
179 421
190 865
883 850
680 354
14 820
50 525
567 846
457 222
823 93
645 326
962 916
410 882
261 8
486 898
548 265
240 898
963 19
176 438
529 252
712 887
44 352
288 673
230 955
956 860
181 439
810 688
617 370
894 678
550 772
783 140
70 421
769 581
346 286
814 675
130 969
99 949
487 702
690 901
272 922
655 838
787 486
313 803
568 818
279 745
687 570
430 397
144 953
294 565
289 439
283 978
468 59
240 275
281 970
107 633
251 91
640 468
506 126
398 252
188 564
355 775
307 705
345 244
745 392
293 590
147 619
693 108
521 617
727 964
659 661
722 542
902 478
987 201
599 742
216 147
820 937
572 641
11 58
26 317
567 653
405 53
571 398
641 347
327 178
519 985
442 947
350 568
200 879
12 48
245 991
916 64
95 835
342 470
315 725
999 395
640 888
367 27
538 319
584 714
837 562
745 132
565 305
632 531
203 227
881 739
205 949
999 248
523 480
465 559
258 899
590 688
655 201
848 207
93 552
154 833
458 121
537 367
738 566
561 118
753 465
206 120
335 774
694 817
36 936
272 181
881 159
570 34
139 87
714 281
38 713
383 362
738 744
811 964
497 657
33 253
489 200
657 565
321 587
924 584
371 607
247 343
176 20
948 103
336 766
568 753
501 458
327 252
774 973
463 933
564 104
979 137
358 332
74 547
215 39
539 99
67 875
807 241
649 162
9 38
151 363
44 948
839 853
59 277
40 912
234 569
780 672
120 158
847 31
874 538
247 630
318 131
360 918
305 839
389 499
413 454
214 345
271 530
569 622
635 520
432 861
511 265
367 537
811 820
105 614
299 355
783 608
154 133
195 698
773 34
119 390
91 456
656 133
463 486
42 210
297 258
569 533
247 357
998 626
395 123
405 75
651 360
161 11
28 470
393 767
191 81
299 896
430 86
718 318
254 1
70 177
441 30
770 223
367 429
381 643
60 578
459 730
232 368
97 32
461 797
159 520
588 287
364 800
936 349
216 430
880 310
610 671
361 140
739 347
164 775
859 144
479 774
218 68
654 902
368 477
591 98
467 172
985 670
700 278
881 652
438 115
775 949
238 883
562 298
72 807
683 631
332 473
374 239
53 478
233 105
934 892
488 973
639 823
311 461
82 967
818 441
262 781
461 758
658 674
312 624
512 3
957 620
143 142
558 433
6 736
138 78
24 852
433 389
508 200
179 760
261 488
148 145
566 499
742 94
248 97
667 953
616 934
583 646
384 484
861 272
269 47
9 975
514 302
884 198
85 797
378 171
709 815
779 882
697 366
962 828
732 776
164 782
565 252
666 439
854 851
64 282
835 250
947 440
788 422
153 678
247 355
221 51
941 355
525 16
810 187
810 541
34 132
901 257
572 514
905 311
913 320
141 641
914 283
781 305
657 304
208 456
7 673
401 216
12 590
202 135
589 796
298 924
857 776
935 850
464 525
106 302
132 338
515 505
139 807
454 736
320 334
215 440
94 726
574 299
726 671
120 613
208 552
107 313
155 125
400 896
770 35
816 391
350 704
173 154
583 264
609 917
526 616
971 64
548 562
294 302
235 677
238 964
768 919
350 418
655 226
382 752
166 870
786 654
977 946
79 737
737 149
934 274
390 87
944 197
140 65
944 324
734 895
886 614
525 505
799 602
292 596
852 859
708 882
477 428
25 798
229 86
495 217
678 37
185 329
159 908
755 361
861 901
298 13
244 470
743 724
194 358
210 908
684 859
201 214
272 350
458 930
61 277
542 798
650 642
36 831
592 660
275 479
867 164
282 295
539 160
462 787
72 366
608 521
670 658
610 892
541 959
22 785
866 551
599 635
229 767
719 812
739 205
869 36
25 15
965 791
347 96
701 38
14 843
325 731
539 839
899 410
631 657
783 466
568 130
291 974
149 391
18 748
642 584
869 407
97 247
199 838
902 260
214 833
212 720
51 300
245 827
974 601
676 311
485 183
282 636
720 185
89 633
886 74
584 590
340 205
882 294
700 877
82 106
69 486
827 602
507 345
128 702
602 955
66 75
156 721
473 659
74 948
110 143
556 586
484 707
168 841
483 409
130 904
224 180
393 87
63 32
389 857
36 97
298 609
706 235
438 230
859 713
136 287
