686
552 616
335 580
124 241
675 433
608 347
570 565
568 480
678 524
132 32
395 685
315 463
126 551
280 97
579 34
133 613
95 682
604 35
524 272
216 22
383 168
106 127
295 393
109 347
153 492
144 169
162 500
298 548
108 68
654 341
69 605
187 358
342 165
53 10
123 354
270 311
329 622
62 664
627 324
405 403
287 562
369 490
220 508
211 189
446 349
197 162
599 666
207 379
600 652
116 546
672 400
494 267
51 507
33 175
85 156
366 605
620 352
222 544
80 342
305 141
18 615
110 654
431 94
439 224
302 68
323 247
487 558
243 134
295 322
351 339
181 623
495 447
600 506
462 652
190 625
23 652
464 5
357 21
135 328
421 620
223 594
519 626
425 491
587 295
88 375
221 273
662 667
222 322
296 461
602 130
277 495
92 601
575 449
534 277
338 248
322 111
272 452
626 179
629 48
119 276
228 574
336 613
500 406
444 556
234 37
575 643
509 23
457 311
59 491
108 296
598 198
137 144
6 106
639 425
341 319
618 254
212 557
143 111
115 605
30 104
112 387
95 406
249 152
299 355
590 498
273 244
453 542
233 327
82 677
555 86
30 86
561 381
197 400
493 300
109 172
578 92
444 223
391 584
355 474
530 556
372 586
134 266
397 439
309 480
527 42
201 285
56 580
160 548
602 299
302 343
529 436
615 392
36 495
501 163
190 479
407 262
685 117
657 129
321 317
618 1
466 452
306 127
517 318
176 525
69 466
70 130
538 668
211 185
259 302
346 324
619 601
470 561
166 241
459 101
79 322
284 113
495 160
631 439
414 344
527 331
132 509
514 20
355 111
215 499
531 354
476 22
83 10
430 579
480 557
33 532
598 199
554 323
433 507
437 505
339 98
429 135
214 338
568 100
260 485
254 615
648 196
85 347
174 638
30 401
606 437
330 290
182 615
10 188
500 681
415 242
42 200
639 425
353 114
595 19
206 481
581 653
425 617
497 15
269 194
100 376
87 94
336 281
179 188
171 569
488 389
122 299
397 486
273 310
506 256
446 332
389 319
557 268
249 217
17 253
290 555
685 641
528 433
245 20
258 15
61 343
406 500
275 336
76 175
600 618
453 145
529 217
28 522
617 556
277 541
633 98
470 451
428 382
617 266
172 40
661 269
594 363
128 85
135 215
540 292
179 550
88 213
496 274
526 134
219 540
161 403
530 588
596 578
345 389
271 221
503 508
6 47
289 628
305 635
293 290
111 469
120 268
125 133
301 679
599 156
362 146
162 84
652 567
600 326
243 391
356 334
227 297
650 568
427 47
252 44
672 604
549 88
627 188
407 660
243 405
73 151
406 377
331 187
20 71
600 517
289 615
138 124
591 152
17 543
535 616
331 87
187 261
52 224
479 32
459 333
356 243
116 536
202 497
519 674
214 605
135 252
618 2
75 87
353 236
317 359
649 267
525 617
397 647
219 520
166 501
653 64
575 570
10 35
559 94
577 51
622 664
254 461
98 91
491 335
490 131
22 150
424 269
290 367
123 443
62 133
440 525
597 151
99 227
171 185
66 228
631 460
235 294
505 254
353 403
532 470
569 217
425 329
635 350
678 124
205 261
640 363
579 341
372 517
425 58
26 465
415 502
162 662
4 23
80 417
182 653
136 237
40 386
68 279
667 664
328 600
103 377
32 203
637 328
232 540
351 246
352 547
177 251
459 651
133 360
603 637
535 679
192 214
317 347
467 248
79 66
312 531
102 651
252 197
424 32
357 144
112 417
285 90
251 28
322 13
410 377
548 366
567 145
36 292
74 411
268 520
293 277
284 174
654 117
296 479
171 298
224 675
23 352
59 139
270 377
180 358
375 192
437 254
631 592
562 213
253 425
29 674
203 215
526 298
415 230
69 3
594 256
488 576
260 251
503 207
555 177
415 214
454 322
542 327
352 343
655 197
554 560
151 113
347 528
496 620
251 540
154 673
269 91
377 406
201 683
69 513
289 233
643 679
371 20
216 556
507 518
332 541
620 339
349 679
295 161
566 207
563 92
535 103
275 573
408 631
268 136
146 391
47 13
576 134
266 219
81 502
356 15
570 530
213 628
217 173
40 48
384 366
400 169
62 417
350 593
214 109
411 85
249 398
553 361
317 274
383 350
595 292
582 204
383 562
598 557
155 595
294 20
43 290
529 553
634 6
46 505
338 329
52 307
134 3
299 461
86 541
637 209
468 282
533 36
466 607
621 608
395 563
490 183
228 334
591 187
390 101
321 223
505 521
500 494
185 80
402 132
639 575
603 290
633 395
72 169
468 298
591 41
98 406
30 181
255 513
249 628
199 226
484 682
171 149
80 187
272 310
107 418
548 548
239 55
445 63
510 500
369 310
604 344
641 313
298 250
664 74
360 362
431 401
408 334
570 22
603 247
487 60
524 629
612 564
239 19
326 275
547 329
363 75
283 338
283 354
252 169
595 489
252 245
247 504
364 28
259 464
266 434
426 652
83 58
439 469
97 7
603 161
386 685
313 432
179 164
274 464
18 473
152 125
399 325
269 484
262 215
547 423
182 108
328 301
8 22
59 588
225 137
631 436
543 604
668 305
307 134
206 278
312 251
444 216
12 74
101 197
372 492
522 398
599 351
587 632
578 121
597 474
491 48
289 285
396 553
656 661
70 570
304 330
452 656
14 480
479 606
476 12
343 519
579 263
640 619
540 518
65 88
351 492
629 456
617 403
31 663
603 109
616 73
631 562
554 395
365 529
29 55
104 462
149 393
240 510
221 342
524 139
519 118
430 46
121 256
273 435
622 401
368 15
74 190
366 36
578 258
59 122
659 465
178 144
633 537
479 632
461 450
572 527
511 519
88 406
175 563
620 559
5 216
64 198
552 289
105 175
199 24
449 51
82 192
225 554
609 221
625 290
38 486
435 536
453 403
622 312
550 561
307 624
587 543
669 183
109 441
336 516
76 16
10 559
303 443
153 667
267 563
114 343
40 603
359 578
568 86
111 361
422 529
290 675
60 26
634 607
514 603
250 255
427 335
606 594
348 257
273 396
553 516
138 48
389 42
599 27
518 58
14 563
131 613
206 176
212 684
669 397
268 418
86 451
