389
368 275
231 223
333 350
136 92
227 13
27 307
337 124
367 339
379 218
173 368
158 269
176 120
136 272
307 80
324 209
79 171
195 246
52 119
329 284
7 301
237 150
204 162
44 171
372 218
345 154
206 135
250 293
224 128
65 191
16 115
60 319
349 53
248 139
238 336
328 189
270 321
344 8
199 173
280 193
252 271
33 230
363 228
132 293
247 131
324 136
305 66
94 107
315 177
374 356
353 74
78 19
8 328
296 2
132 2
37 126
11 79
110 354
134 383
241 306
209 91
190 206
317 322
166 239
91 191
16 209
368 37
107 207
288 266
313 268
342 242
39 274
357 15
353 233
259 289
72 6
130 329
4 285
141 346
139 81
294 334
96 276
199 250
175 335
222 354
17 260
275 341
281 308
304 245
303 91
97 245
361 346
2 116
22 42
213 262
347 143
265 259
69 308
385 4
216 223
151 84
317 58
179 212
4 261
380 328
327 262
266 157
125 10
199 55
145 280
41 113
9 185
72 127
2 199
375 361
139 235
106 259
286 85
239 68
255 281
248 159
45 90
301 229
173 307
138 381
242 282
55 115
138 386
314 92
20 321
332 376
263 171
264 198
389 315
24 317
16 102
70 43
337 185
145 288
202 6
285 178
217 142
30 263
280 234
134 24
136 11
63 226
65 333
260 352
70 334
63 69
104 188
240 355
383 181
389 183
145 341
55 337
37 258
197 51
175 182
206 59
204 175
380 205
307 7
59 314
43 356
387 188
333 212
327 191
367 358
39 105
122 289
278 35
197 192
260 377
350 237
283 80
100 242
314 126
208 217
6 54
30 50
96 104
30 187
18 174
276 389
161 369
44 31
158 174
161 25
154 312
286 119
19 210
20 374
258 272
332 144
116 375
337 344
342 47
67 328
356 215
169 27
59 287
386 247
373 243
58 276
242 249
231 41
375 222
306 227
292 229
375 259
203 181
149 16
340 289
169 175
38 346
357 131
16 347
243 366
349 176
178 97
212 137
37 358
340 138
207 207
354 64
30 43
301 25
368 79
300 286
9 259
174 226
49 52
77 129
350 146
155 132
207 142
312 69
180 55
247 255
252 188
191 152
357 174
223 69
81 95
354 107
90 1
57 249
306 151
314 163
368 126
257 271
63 176
30 51
180 370
286 1
216 296
100 179
331 105
71 73
291 72
375 56
158 319
254 256
104 132
283 368
59 275
201 60
121 169
4 64
201 309
129 308
200 301
14 257
147 224
218 207
290 239
239 344
178 155
355 298
164 144
287 224
243 105
161 22
198 288
230 159
47 354
319 156
54 222
212 248
355 111
232 123
333 46
51 332
303 19
346 2
92 196
198 323
211 90
35 30
123 265
69 71
371 185
177 102
225 257
364 352
281 271
273 103
276 293
136 24
232 234
97 131
178 300
139 197
368 223
94 173
70 225
290 168
133 23
152 60
43 133
219 109
204 90
110 75
178 374
167 118
163 209
372 161
144 339
232 355
160 346
90 208
65 10
137 12
239 8
97 326
43 17
102 387
194 188
47 317
206 30
211 247
189 222
248 38
170 74
130 264
340 303
345 169
10 50
123 153
198 247
330 102
77 28
9 98
200 272
105 31
108 335
76 82
237 307
374 44
231 306
347 275
232 327
338 108
81 340
70 199
164 139
241 156
176 274
14 357
309 155
62 10
216 8
122 148
120 100
372 22
81 130
14 228
191 104
298 235
331 192
196 123
77 102
262 129
128 162
374 91
323 249
154 351
167 259
