1000
149 472
101 515
611 874
299 623
79 497
730 946
672 945
79 358
166 145
521 943
489 892
326 387
922 525
146 919
544 883
849 789
187 53
412 908
761 271
849 606
415 962
670 389
276 74
779 534
545 583
221 987
531 730
910 139
692 723
742 796
894 569
938 692
931 622
313 636
478 705
64 921
912 697
157 623
602 723
786 56
380 398
106 590
695 147
633 619
947 220
286 193
128 518
225 78
101 313
432 3
760 404
282 907
89 754
146 262
64 409
319 71
286 624
503 18
909 843
186 806
862 935
45 391
228 576
356 725
285 470
277 741
842 621
953 489
617 240
227 140
6 741
333 959
962 955
363 529
681 204
752 321
262 782
133 85
571 18
615 99
856 830
361 484
126 779
452 828
664 956
498 297
276 894
725 44
944 456
266 136
733 339
393 835
949 898
595 239
614 533
368 415
987 335
379 111
764 647
969 479
65 539
846 977
301 504
882 137
870 98
948 477
342 449
59 986
826 661
57 10
404 635
396 677
915 858
931 692
509 885
931 159
55 79
196 152
779 353
271 271
641 676
528 688
646 694
131 385
378 497
620 165
303 934
594 895
609 685
369 180
606 547
366 420
943 467
198 366
400 683
620 380
957 977
594 908
154 512
88 596
305 628
199 47
918 149
943 987
156 605
252 183
982 71
942 857
406 575
208 615
838 408
736 929
497 802
30 413
811 678
920 556
859 112
290 107
61 642
46 558
695 164
305 961
256 911
277 796
389 713
300 418
750 286
92 251
668 267
241 811
330 758
751 956
623 883
529 145
340 919
219 390
440 915
885 251
230 377
626 57
555 175
936 985
780 470
842 895
706 818
649 150
53 276
903 571
440 8
350 549
178 262
265 104
710 165
771 100
699 595
590 989
242 696
489 371
258 579
621 621
686 718
744 717
459 308
785 892
186 36
452 530
244 72
363 530
414 709
703 76
424 658
992 994
611 86
790 502
919 24
220 531
287 215
407 1
645 873
751 302
660 923
533 45
737 775
693 323
976 88
224 334
952 630
605 623
218 340
808 722
396 729
331 562
904 394
373 719
840 468
321 805
723 753
13 478
943 103
873 232
919 527
382 506
797 928
115 189
22 955
214 34
183 644
210 957
873 340
151 756
802 100
665 989
178 695
972 982
378 991
354 448
995 243
18 839
627 723
34 197
896 353
791 536
598 289
659 37
996 612
131 825
157 958
527 686
524 117
183 490
369 932
797 840
27 901
57 755
798 968
213 184
903 285
297 324
582 793
310 653
376 7
14 308
262 952
773 18
761 435
327 582
617 826
454 301
592 462
300 767
272 775
137 127
177 719
330 490
383 339
366 210
717 309
396 832
451 489
91 127
253 747
618 14
346 517
23 470
214 402
298 140
488 248
1 5
438 282
439 148
817 374
499 797
227 536
107 839
828 666
71 536
322 126
52 337
287 663
783 38
412 289
47 522
639 828
91 94
91 659
949 410
413 929
910 464
210 787
426 434
214 228
560 511
641 998
756 843
992 766
193 696
382 155
534 305
685 232
634 74
185 129
352 632
896 441
708 697
989 330
180 63
444 344
700 501
482 168
410 71
548 27
829 406
911 368
481 163
68 319
651 636
770 581
365 948
91 955
48 747
614 96
758 514
760 517
212 945
486 923
116 960
776 663
415 342
600 213
258 854
105 583
763 593
636 763
857 571
933 592
354 328
257 72
638 552
800 35
943 271
823 241
591 994
423 165
226 365
896 390
85 550
697 870
15 223
876 117
957 177
961 781
179 492
477 904
621 706
718 65
738 962
105 937
259 853
672 938
576 690
127 994
299 626
764 382
773 858
804 219
451 160
106 963
885 71
429 847
287 795
64 840
273 873
248 812
686 974
674 505
15 95
581 235
279 883
416 68
929 283
962 602
853 202
976 409
995 741
707 387
833 188
462 150
788 877
702 134
159 122
980 663
393 670
570 908
442 250
637 829
669 565
172 855
988 42
271 424
895 498
291 631
831 492
248 227
895 1
457 879
664 793
35 246
95 127
453 572
823 585
520 647
612 45
303 710
350 429
345 161
616 807
400 723
76 134
707 289
519 934
493 322
226 40
871 942
763 390
14 963
917 432
782 24
387 19
133 250
648 331
978 647
201 414
342 185
106 327
403 698
865 164
608 904
482 568
993 6
148 286
446 953
937 661
465 162
152 722
706 370
662 909
102 991
701 205
222 808
451 861
811 438
888 171
258 372
254 603
674 440
326 121
482 987
170 711
113 520
626 178
365 679
233 601
731 74
490 177
223 557
222 236
147 698
831 185
366 748
785 194
967 322
419 571
932 449
805 528
319 463
172 4
436 233
253 963
899 55
171 266
508 186
53 764
357 259
55 901
410 76
866 885
627 388
608 917
932 698
55 763
584 506
156 154
405 401
486 732
86 130
304 292
631 511
714 529
255 132
878 306
904 390
410 434
741 932
695 800
448 988
658 167
85 253
294 461
572 133
963 638
998 869
566 922
49 387
380 820
434 220
412 528
812 987
874 155
469 65
108 625
64 151
255 191
13 631
935 186
599 987
307 961
813 954
218 365
232 480
390 196
24 186
149 690
661 442
69 267
80 211
390 337
802 732
364 910
545 59
953 520
343 158
211 479
908 760
782 493
823 308
899 397
278 784
920 572
419 392
574 380
764 514
411 479
562 427
505 93
350 829
462 578
969 346
715 289
748 746
524 452
13 447
181 893
589 12
762 335
888 464
535 578
479 97
109 613
320 8
5 848
799 147
73 72
208 314
991 286
666 668
389 379
942 395
491 348
226 378
290 3
965 536
144 522
226 659
788 903
222 886
721 464
919 995
595 239
972 828
19 8
860 215
226 883
652 400
681 777
435 893
355 692
60 271
597 365
339 369
740 229
403 327
264 875
987 326
566 732
783 144
78 472
753 353
973 993
808 703
268 590
566 773
7 181
190 796
649 357
652 764
113 829
201 91
612 605
91 10
364 234
396 367
957 40
982 153
176 784
247 315
84 711
900 703
970 269
668 602
503 392
895 377
652 862
616 747
973 745
202 426
783 203
137 705
640 697
792 625
983 817
298 892
551 275
774 375
967 83
780 207
468 709
800 876
74 482
545 668
911 307
609 892
898 320
686 998
151 343
171 192
578 598
496 894
803 584
300 157
267 524
547 596
668 16
346 666
825 219
851 210
835 603
903 469
763 853
417 71
541 221
479 136
491 534
497 472
568 303
487 43
492 202
164 521
321 855
766 32
152 969
401 772
530 925
92 120
638 194
536 499
674 623
565 502
689 373
50 498
150 723
437 196
550 537
916 942
113 902
616 473
280 756
363 741
283 229
168 607
491 262
396 588
139 4
984 942
640 883
382 155
173 281
184 881
307 788
625 952
661 76
36 408
18 114
979 86
346 622
514 406
486 687
704 605
115 745
106 741
472 805
591 924
732 695
329 531
894 499
728 286
511 582
667 939
824 956
453 871
276 949
794 131
987 258
689 403
798 391
982 243
527 949
609 392
336 420
103 418
47 765
49 889
460 634
759 884
611 505
824 300
480 886
559 597
129 388
931 33
327 347
872 95
525 197
920 854
828 320
460 535
166 396
823 543
927 146
805 73
636 111
315 4
44 709
190 471
692 146
659 736
171 620
989 961
712 124
432 634
704 400
844 582
227 647
418 226
11 735
301 870
933 890
443 88
250 262
400 780
605 862
363 915
429 932
127 898
379 183
589 848
675 366
854 102
937 976
992 279
714 113
72 953
329 945
407 135
185 133
491 726
528 676
314 426
385 562
526 410
552 655
510 595
560 27
898 923
533 534
662 812
21 117
29 958
654 740
967 638
306 881
982 715
505 863
142 744
452 984
6 265
885 424
708 555
708 853
293 156
889 695
952 400
807 620
884 599
987 37
214 362
522 584
710 319
265 789
625 907
650 261
458 477
212 64
346 301
162 264
765 649
313 117
346 713
602 50
552 550
596 298
919 678
152 789
884 783
210 397
474 678
969 670
27 788
930 635
290 460
274 523
707 211
909 866
177 822
210 199
911 905
2 714
285 650
495 177
815 445
743 42
653 170
787 121
89 357
715 483
217 161
554 661
838 641
961 563
157 698
975 444
770 153
482 161
562 490
405 616
979 488
180 217
720 750
928 88
783 516
123 752
328 55
383 717
991 157
804 877
562 215
717 210
453 695
398 815
59 477
586 104
545 784
730 92
263 657
385 567
594 957
971 577
720 418
965 620
529 296
77 809
680 262
23 255
509 859
894 418
114 973
127 940
442 856
315 904
983 612
522 351
649 969
847 448
383 893
764 513
190 339
778 818
161 668
672 750
499 798
514 604
534 954
806 862
967 847
460 753
211 500
566 485
490 532
836 798
705 542
618 894
98 490
315 119
577 989
560 227
283 587
151 699
386 884
207 955
158 668
135 818
460 729
353 371
773 855
16 933
614 663
11 971
123 764
769 21
334 420
727 246
916 338
305 587
86 813
253 298
635 469
780 673
178 79
594 373
190 903
92 593
