809
661 502
632 765
661 30
222 519
381 762
493 798
536 358
673 162
281 140
320 21
258 160
474 140
228 525
184 515
386 120
50 246
295 632
438 642
125 46
98 567
180 175
125 144
237 257
458 458
797 697
29 94
84 516
322 601
751 205
425 263
181 56
421 778
104 770
537 49
658 566
778 12
688 208
66 351
809 704
771 770
12 337
752 601
632 443
542 523
257 730
391 286
310 597
352 563
646 154
488 518
579 22
304 566
392 396
158 801
123 750
543 17
89 237
229 760
453 666
788 316
797 332
706 392
256 146
639 730
587 312
757 104
740 136
432 184
650 558
423 514
483 569
428 744
560 806
733 321
601 506
277 759
126 536
66 148
50 422
144 477
498 477
436 12
538 122
49 419
683 135
541 72
802 331
66 627
207 693
443 586
40 18
340 336
613 523
6 754
112 551
393 687
622 538
160 5
440 537
760 630
558 517
313 795
553 796
604 732
128 462
79 767
766 97
173 145
235 606
423 18
707 473
200 493
495 688
5 664
227 758
650 458
348 376
278 226
442 443
91 27
264 261
724 395
758 182
381 728
622 423
318 509
789 377
448 445
552 787
807 357
726 644
61 415
637 156
247 551
114 474
452 572
88 251
39 101
368 25
152 719
223 707
664 318
629 659
270 590
274 79
782 473
84 711
25 331
307 100
598 513
677 443
659 787
502 1
116 809
619 300
541 773
350 140
404 533
499 259
145 43
513 423
801 394
392 505
485 74
570 182
529 201
119 654
204 527
21 451
305 260
341 282
743 378
655 365
429 250
238 42
694 456
574 262
192 615
63 566
333 76
334 631
60 283
46 754
201 695
605 556
486 653
523 219
212 406
90 150
435 328
752 636
635 589
113 398
164 450
129 223
261 291
677 361
645 576
349 759
723 227
677 22
709 395
461 140
679 738
732 788
119 141
437 646
530 151
311 708
752 173
13 293
133 640
234 377
436 327
79 121
273 750
598 409
41 730
149 563
543 239
447 696
121 259
329 680
3 405
739 282
284 720
508 650
612 759
418 748
10 578
653 586
107 560
231 755
214 239
527 677
163 436
399 117
323 670
247 513
344 587
243 808
188 610
423 572
594 332
223 277
694 592
502 211
694 587
214 356
577 332
373 106
615 95
414 390
81 452
800 405
161 637
195 514
706 9
214 184
582 668
313 720
290 482
310 77
553 348
800 549
725 330
334 467
202 74
738 221
713 470
766 18
654 260
605 66
623 771
716 193
653 306
808 576
517 141
750 163
105 699
695 63
607 382
65 215
75 550
550 151
448 458
489 29
35 348
319 469
13 346
36 175
678 344
368 277
325 100
400 802
277 687
722 475
161 215
178 205
214 504
249 244
395 483
116 512
177 129
344 344
222 341
237 294
572 348
590 107
200 361
645 779
737 704
370 11
568 310
759 89
711 800
94 539
721 518
284 335
359 46
52 566
760 518
674 402
331 562
735 261
267 634
347 497
147 515
387 336
118 364
457 338
224 681
802 319
787 626
336 43
150 493
60 510
226 441
524 320
471 332
322 375
83 138
258 583
475 413
181 419
257 51
201 55
651 436
685 253
627 659
138 63
678 494
224 114
180 479
278 344
778 721
488 173
505 542
435 267
209 430
579 22
522 485
733 459
383 662
802 574
546 715
519 310
458 499
181 87
741 241
283 209
347 712
593 623
423 416
773 492
570 706
629 568
696 444
71 312
203 229
737 4
239 614
465 564
212 404
542 716
255 71
454 260
370 4
412 528
535 68
551 773
790 8
506 376
513 516
142 72
663 154
662 26
792 296
10 421
403 615
421 419
520 721
494 608
189 88
154 751
215 92
708 794
447 601
590 638
224 774
280 108
41 632
404 655
148 479
210 130
375 83
674 410
279 253
512 791
18 504
265 323
300 392
373 168
462 310
539 769
543 316
683 399
374 447
39 738
91 739
131 719
801 610
387 706
683 33
314 388
595 282
107 509
519 713
784 258
642 204
381 505
799 621
180 769
714 508
394 255
385 377
160 523
17 807
332 549
589 394
518 404
228 730
415 603
637 26
491 681
778 327
246 757
411 2
554 261
435 457
136 697
444 265
490 428
194 114
582 521
59 350
303 681
123 342
76 571
763 286
25 150
576 356
210 597
460 806
469 64
460 387
339 474
508 417
138 452
362 308
20 33
655 159
693 653
533 35
131 104
231 546
443 436
102 81
127 372
608 359
336 700
309 452
20 342
294 9
485 641
527 585
253 191
259 734
350 32
311 431
754 95
654 307
713 651
188 662
622 582
261 86
364 383
304 768
353 454
306 717
709 270
100 740
260 303
99 79
65 520
367 660
634 339
557 281
221 31
59 296
289 694
691 250
106 707
227 663
425 184
687 777
173 152
85 146
764 566
406 221
56 284
551 634
667 615
331 701
310 209
137 77
84 142
94 350
567 99
534 799
770 589
571 684
5 98
428 392
174 564
529 798
779 202
700 277
52 386
742 696
741 545
456 132
521 719
485 390
325 136
686 66
11 311
106 645
565 667
683 791
562 427
82 625
703 54
199 562
42 254
633 473
798 645
106 238
570 492
217 183
349 610
134 609
272 463
33 165
249 211
807 368
169 363
217 570
414 740
384 549
211 612
80 232
70 54
703 231
440 640
423 281
553 121
681 674
262 600
314 97
740 391
418 7
140 2
74 218
679 343
18 540
9 253
555 361
419 70
300 776
148 364
342 400
495 729
195 166
260 443
753 326
54 644
243 28
524 331
805 162
753 715
427 157
371 766
304 544
37 653
395 352
434 45
175 526
709 25
348 631
639 472
148 404
801 743
438 180
15 363
807 37
454 306
606 742
385 691
66 179
90 341
435 3
202 164
790 623
174 132
36 446
313 29
753 699
503 679
453 584
499 291
807 525
713 632
448 261
631 545
13 558
376 545
709 681
447 47
119 248
179 356
808 590
788 273
197 366
505 741
628 418
728 64
279 263
235 644
363 495
709 763
73 755
467 678
301 571
787 2
780 367
733 80
186 35
396 484
621 59
357 598
742 127
785 14
715 727
350 573
388 121
315 482
745 580
179 341
791 576
523 241
701 462
45 79
36 447
356 268
580 116
157 153
241 700
424 777
119 56
565 189
746 278
119 592
357 428
661 627
439 198
760 439
75 371
612 653
598 108
360 298
467 363
286 341
8 370
330 741
529 301
117 277
284 107
381 468
228 68
415 425
579 68
518 675
42 500
798 179
701 256
481 606
458 114
609 241
486 624
448 212
131 293
764 264
656 605
603 176
84 290
439 695
56 336
572 593
13 131
251 240
271 47
187 440
784 710
593 723
398 767
572 48
370 332
789 195
619 360
441 172
233 305
580 205
444 609
536 163
777 431
237 7
554 451
786 668
236 681
626 77
455 172
155 226
318 162
494 12
591 711
99 425
151 423
399 556
356 272
36 394
103 134
168 131
288 529
236 805
555 598
381 622
486 612
425 719
690 105
57 6
531 627
171 717
803 140
621 200
357 56
66 369
320 416
577 55
612 255
395 213
374 421
393 544
159 453
315 762
459 597
164 458
160 759
650 193
679 397
680 358
179 399
704 765
328 731
592 325
454 414
673 568
780 385
129 271
13 227
102 54
174 69
654 122
84 374
225 298
679 385
407 490
407 438
194 399
