1000
493 73
262 17
595 252
769 896
958 115
804 127
304 777
7 728
648 606
899 590
896 830
726 697
263 673
1000 833
305 116
165 209
790 833
671 268
394 362
763 908
928 531
350 681
852 867
230 440
248 338
741 748
162 570
527 144
775 341
778 540
487 977
253 908
219 55
864 616
720 940
551 455
778 441
671 281
825 272
790 476
152 686
884 77
797 907
786 468
597 231
36 1000
558 970
469 711
66 739
710 238
547 196
864 287
226 294
826 388
147 476
613 757
825 30
114 36
113 149
683 693
360 792
192 670
134 865
716 255
56 241
354 373
777 198
823 7
290 330
428 724
432 343
192 779
756 541
692 676
207 609
231 596
427 765
332 141
338 770
126 542
4 430
88 96
722 90
393 448
198 866
777 735
345 228
585 427
662 83
703 804
899 477
74 497
828 778
624 203
201 769
51 130
726 532
973 499
246 480
48 806
505 814
968 413
194 540
338 717
243 592
605 497
313 180
283 401
697 53
282 283
325 455
750 221
47 716
625 435
557 949
494 648
817 303
189 377
904 814
317 536
783 943
891 807
236 567
154 716
447 610
652 331
772 766
718 715
268 657
780 103
392 109
799 177
152 990
437 369
872 826
470 578
425 460
902 466
868 279
272 533
683 439
546 694
551 912
91 415
116 764
629 792
42 726
556 743
399 793
181 279
557 244
86 591
348 836
495 22
833 742
536 818
444 347
838 3
318 310
594 809
287 839
660 154
29 400
413 197
227 243
30 60
769 93
40 821
561 992
165 490
809 129
807 537
877 360
475 689
804 646
938 365
109 29
372 361
511 889
801 661
44 756
382 390
329 710
870 409
712 490
545 275
525 591
825 349
489 275
83 166
171 48
435 805
55 913
487 735
954 785
38 660
394 663
44 844
865 858
848 775
545 869
952 963
839 309
992 294
725 78
718 353
833 966
527 867
2 394
12 447
767 328
553 395
843 941
95 370
361 675
581 477
699 160
445 115
712 547
690 223
154 256
818 871
793 63
59 575
243 657
850 16
73 295
30 986
91 129
64 545
163 123
273 722
379 528
323 330
317 948
844 469
759 813
268 438
589 901
630 830
690 527
784 893
560 764
973 275
560 594
795 337
26 424
426 192
13 237
804 751
779 520
220 820
9 389
479 963
280 814
391 376
975 740
145 626
648 267
337 673
884 468
83 489
779 72
32 942
415 782
713 17
499 376
502 70
516 505
412 442
860 964
267 281
882 181
157 753
842 346
884 622
136 239
277 647
920 104
988 36
977 859
356 406
84 114
56 746
883 818
749 326
464 37
300 245
900 279
174 78
830 800
232 917
784 59
362 493
399 371
612 161
360 645
871 573
336 444
78 892
842 346
542 516
685 62
14 820
952 434
255 318
77 711
871 94
557 263
493 91
482 585
872 885
541 582
932 416
24 762
916 99
322 979
200 435
509 805
95 879
267 849
9 940
749 460
127 520
697 591
385 654
894 776
571 948
188 118
665 232
532 92
961 927
717 871
973 36
853 652
759 683
344 924
970 577
639 201
631 352
705 883
972 728
205 263
124 548
188 993
394 141
445 40
469 491
533 41
951 673
880 621
748 521
492 622
31 726
711 123
121 693
721 22
225 214
617 92
771 97
143 471
820 739
713 678
585 142
100 949
573 505
426 948
80 505
913 225
381 280
118 388
608 698
65 747
327 347
895 800
983 941
165 168
757 299
131 457
995 120
1000 182
795 538
98 820
918 578
972 725
4 495
214 44
193 82
676 897
610 963
631 475
704 814
733 380
59 213
515 753
798 420
786 890
871 623
952 180
870 550
792 233
905 174
277 503
341 84
573 688
165 838
601 868
252 901
376 71
702 199
46 695
924 528
361 171
232 386
438 648
413 518
805 603
799 280
995 241
289 909
749 299
702 79
919 191
870 68
235 196
774 481
477 530
989 608
811 916
433 822
171 112
704 147
867 363
834 961
512 438
618 782
628 293
773 895
417 178
693 253
267 754
226 139
726 56
900 650
520 655
909 453
959 652
858 642
888 699
227 865
655 325
890 296
187 860
270 651
72 624
766 616
618 412
35 950
496 301
491 539
394 418
551 200
864 529
491 895
332 372
221 602
54 64
782 701
961 38
496 301
201 865
520 117
716 602
31 733
184 657
180 319
500 70
374 900
776 65
124 817
228 940
796 50
797 544
739 3
613 983
974 686
527 567
406 362
547 677
530 607
697 100
859 823
755 466
312 153
320 32
790 725
332 42
183 592
455 843
711 953
716 279
181 600
32 137
526 182
880 30
292 887
139 670
383 669
102 11
912 515
551 777
521 518
652 875
754 739
584 694
630 595
169 889
262 364
152 1000
669 375
304 561
777 109
220 934
557 45
169 217
874 719
13 485
80 335
288 218
551 229
420 59
298 101
69 187
906 786
787 342
835 252
263 4
690 422
866 39
329 599
570 724
460 831
970 935
740 581
901 61
785 126
197 285
717 20
611 988
497 685
905 115
212 187
6 259
936 440
183 28
855 907
134 467
143 382
328 398
467 345
968 374
271 960
749 704
472 823
149 204
390 454
701 2
323 633
467 951
532 111
748 742
834 947
516 619
776 724
430 478
154 314
100 7
267 760
47 756
36 245
300 428
344 654
949 476
193 307
611 383
293 934
490 390
550 986
580 685
360 286
91 754
470 721
338 27
920 793
455 444
563 784
716 876
799 43
476 289
648 76
775 564
253 308
605 736
984 272
5 39
417 558
340 212
71 136
270 13
985 101
191 685
128 338
612 410
932 611
118 118
990 678
134 326
960 573
245 581
807 307
255 227
775 158
936 807
828 654
725 932
663 825
552 291
951 777
463 844
128 853
74 81
194 679
744 371
19 83
257 442
253 731
152 272
683 831
823 669
414 784
858 656
450 384
238 603
443 871
759 778
707 882
929 933
207 813
332 417
446 834
204 52
369 877
4 851
678 519
437 245
465 784
707 834
846 924
888 578
216 67
324 822
954 125
808 598
967 652
652 90
903 442
163 68
76 360
217 655
681 796
88 858
749 291
425 625
832 57
335 16
239 878
724 395
476 599
361 95
366 75
705 471
241 895
851 334
62 481
971 772
853 553
737 253
33 134
274 644
371 78
715 677
983 589
46 851
235 808
151 865
121 620
156 297
741 230
45 85
263 482
594 187
198 377
788 7
906 419
16 570
803 931
107 462
425 829
64 510
369 676
704 546
837 939
821 89
541 803
993 566
218 615
159 829
104 274
362 225
406 133
235 520
955 427
240 607
754 222
185 839
798 844
52 677
389 21
854 277
506 831
567 201
606 399
350 374
961 688
155 33
251 704
832 828
451 324
284 398
542 340
515 57
750 36
621 701
992 242
844 740
822 232
661 242
529 460
417 384
706 724
503 329
596 85
851 584
8 12
96 123
960 154
96 725
272 849
766 313
147 344
355 980
718 951
346 152
934 794
530 534
930 270
72 204
788 78
984 337
79 541
948 297
915 470
420 657
343 614
316 9
18 171
264 233
976 945
143 600
64 850
385 649
643 173
89 149
904 24
846 437
818 336
638 943
775 202
877 188
684 118
770 949
359 750
813 471
65 544
73 626
202 682
611 183
70 990
271 657
148 744
999 752
145 538
547 777
991 696
363 742
657 505
384 151
533 267
945 736
508 328
131 308
701 205
710 272
86 841
600 667
915 73
646 25
834 924
61 69
715 518
1 728
289 145
420 984
161 900
744 145
906 668
839 88
980 782
967 827
134 397
336 867
501 425
745 28
289 769
728 970
174 132
349 525
680 801
481 121
24 232
949 640
348 100
303 646
657 618
673 104
217 264
647 722
526 597
632 993
621 261
612 771
709 527
40 82
205 782
618 857
243 412
242 906
947 427
538 270
71 214
1000 320
265 203
740 275
626 133
455 51
526 438
838 401
116 890
941 276
301 688
500 151
866 197
518 400
577 100
907 138
170 765
702 309
371 36
848 424
395 162
644 244
297 721
122 688
287 788
580 764
922 322
525 39
785 460
97 285
7 877
856 212
903 218
49 498
464 809
147 265
263 753
376 743
901 153
169 310
557 656
791 804
911 354
260 285
708 644
343 460
639 317
74 279
361 805
658 684
802 255
383 110
548 271
841 516
456 993
1 349
293 576
773 751
856 540
370 347
581 902
12 739
336 557
694 630
168 218
574 549
594 798
133 780
433 356
932 41
150 330
447 714
666 387
274 340
335 523
639 203
115 934
508 351
670 88
211 49
691 641
599 115
111 754
446 222
679 363
560 929
385 554
179 248
996 197
23 849
792 99
45 594
78 390
848 151
320 719
542 69
308 305
906 116
262 508
126 451
31 53
809 74
971 408
405 671
319 725
731 980
83 164
263 200
916 448
958 628
752 169
224 263
665 602
629 146
168 415
99 109
500 615
393 969
552 437
346 507
636 17
168 958
635 811
723 312
113 448
931 507
360 141
422 59
397 584
664 92
545 529
839 198
27 231
930 269
245 628
853 11
89 772
741 193
747 858
647 761
804 115
