333
190 136
235 333
255 300
68 276
186 248
227 13
262 54
118 48
284 39
137 45
207 244
243 229
204 203
237 228
325 175
235 227
217 167
43 112
283 77
195 175
308 122
110 8
32 74
58 35
170 66
126 213
230 154
130 25
4 18
321 171
57 86
9 152
156 315
69 259
322 68
245 289
309 191
93 57
180 185
14 125
175 25
52 301
305 108
219 69
236 291
140 296
23 213
283 131
250 74
267 201
271 171
217 71
204 198
25 181
243 21
273 186
143 24
153 170
257 17
302 256
123 173
48 236
234 15
73 184
238 177
14 220
193 108
230 60
162 125
177 283
274 140
305 26
280 310
229 239
8 189
71 36
16 123
8 212
215 218
253 272
183 21
125 248
316 54
197 150
36 204
101 191
300 223
261 254
26 130
18 218
93 302
4 273
174 193
246 295
252 212
101 222
200 155
272 317
176 230
33 285
324 66
36 172
150 273
308 238
273 279
18 75
32 306
85 156
319 120
153 313
201 268
9 243
37 160
75 271
50 138
331 77
214 264
238 288
314 240
331 39
51 318
296 317
53 100
32 275
212 70
56 56
58 242
78 281
150 276
154 288
20 166
103 190
99 25
151 286
71 297
315 12
180 217
312 325
244 110
77 324
69 78
276 16
267 37
179 268
15 196
64 192
175 102
165 45
29 193
221 91
123 10
117 183
306 204
99 167
88 70
264 150
24 159
211 270
143 57
31 16
74 131
273 214
91 251
170 119
122 122
236 327
89 79
133 62
130 264
76 150
12 297
242 137
175 151
221 187
56 40
38 156
77 158
236 89
243 256
248 240
322 216
325 140
195 13
143 239
239 274
81 37
116 137
18 173
51 92
171 77
132 62
304 1
116 273
308 28
210 298
97 57
60 71
128 170
329 200
318 149
16 76
74 261
126 218
220 98
114 297
62 114
232 16
168 151
271 92
234 130
281 125
67 192
131 252
222 226
100 66
264 284
97 4
248 149
129 176
39 30
303 82
119 17
194 81
83 45
123 286
39 239
225 154
200 197
325 190
284 84
296 290
295 328
22 257
250 195
184 33
152 150
309 298
118 151
176 293
74 111
315 88
105 129
305 192
164 3
148 224
255 322
19 313
322 333
161 269
170 318
329 176
183 152
302 177
246 45
167 101
262 184
156 297
163 165
33 262
294 332
314 45
109 74
198 93
51 36
78 279
221 320
190 104
2 3
289 115
296 316
265 172
8 161
271 279
76 273
10 57
285 187
262 260
88 104
12 315
88 113
260 33
275 170
102 271
332 286
29 191
11 283
21 316
184 218
238 304
76 281
123 92
33 29
310 112
93 114
178 321
56 79
8 108
94 154
114 40
323 136
182 107
237 181
277 145
284 132
105 198
68 310
5 220
160 180
326 191
191 59
283 242
294 189
252 13
189 64
159 199
204 223
293 253
224 75
143 116
217 172
30 118
193 235
192 221
46 214
303 103
161 105
156 16
224 157
326 118
199 300
191 58
84 149
147 289
