1000
485 251
26 959
622 439
423 511
712 669
73 824
374 689
98 575
706 384
375 758
116 304
426 131
819 466
917 368
261 886
894 69
567 677
255 534
685 770
313 222
833 352
588 800
594 594
347 788
653 219
376 333
959 528
604 473
197 826
632 870
212 56
717 600
737 631
506 265
347 61
92 486
190 180
560 885
199 294
535 840
408 797
450 561
56 213
313 763
149 414
693 61
645 395
624 828
643 634
77 479
507 657
678 743
145 811
723 34
574 875
856 179
778 709
815 782
198 784
686 692
609 449
702 231
90 24
210 18
471 905
566 33
548 716
637 26
160 803
308 232
611 69
874 207
97 192
737 823
842 500
309 756
118 752
443 342
556 900
987 932
762 449
517 384
811 24
377 712
62 398
974 386
929 785
917 165
661 925
52 316
409 268
784 822
22 196
769 952
923 367
27 747
754 843
565 462
593 729
161 648
309 56
873 31
924 43
76 592
130 894
143 802
61 113
715 439
661 986
612 323
743 261
326 510
635 105
393 806
32 142
286 770
471 140
303 760
225 896
286 577
219 905
897 505
651 700
298 595
488 268
948 238
418 962
958 170
628 367
648 215
974 190
281 598
745 778
27 498
393 933
660 858
648 669
251 942
668 674
864 946
716 139
380 479
314 618
412 302
302 411
423 188
700 690
506 66
203 965
264 96
870 806
710 192
779 128
680 709
360 242
735 320
158 28
570 780
31 390
629 623
399 463
282 1
180 936
327 884
463 408
103 71
420 397
282 58
829 531
662 765
356 562
790 422
705 122
307 709
973 521
101 536
96 308
421 349
876 170
715 153
649 184
68 748
957 636
1 844
445 480
308 280
976 440
101 648
539 375
341 177
49 230
508 313
738 997
580 612
500 959
278 190
394 213
257 420
765 30
668 852
452 194
421 736
876 31
623 693
175 999
761 648
300 869
296 539
276 867
418 728
967 521
788 113
200 36
879 912
116 823
34 696
527 360
110 251
16 307
214 997
567 541
345 478
245 301
857 286
353 643
66 192
295 213
22 867
694 865
398 160
56 80
529 722
354 424
121 713
44 310
33 863
367 899
821 938
218 694
514 217
726 710
971 418
429 135
265 370
488 248
992 893
741 170
261 446
889 815
125 180
969 907
724 981
358 535
492 310
666 548
511 471
605 974
613 709
166 608
148 979
462 969
833 628
989 895
556 901
827 842
445 362
512 4
360 211
694 913
389 416
903 138
817 174
453 834
569 793
906 502
372 109
161 15
899 133
599 485
197 887
338 252
677 402
537 102
8 944
848 374
167 374
987 725
590 304
18 948
140 691
789 287
699 480
501 985
415 679
900 185
245 568
520 564
256 396
816 24
254 11
429 515
297 716
302 751
933 525
432 716
670 544
931 637
807 39
164 494
442 684
124 812
960 958
445 957
183 442
90 718
458 859
544 500
363 920
373 906
288 823
737 871
479 475
663 849
126 550
847 136
476 808
609 107
469 550
37 765
254 539
985 934
138 789
484 495
833 262
611 319
681 196
130 801
753 941
948 696
576 904
122 851
872 44
642 158
500 30
252 591
989 762
868 865
396 349
996 833
843 774
82 598
954 663
131 749
38 532
212 283
74 373
429 613
431 553
604 614
384 5
853 285
971 322
108 254
772 544
498 903
630 891
82 689
691 73
620 924
937 877
314 867
440 367
393 693
213 930
151 280
161 839
44 189
263 699
215 651
214 771
549 282
817 434
397 982
200 153
885 684
413 865
205 6
878 786
17 362
702 411
758 194
315 76
190 946
352 251
859 6
262 101
671 129
266 266
191 831
696 551
46 308
916 282
686 484
650 137
595 546
775 419
579 887
395 645
734 82
449 213
756 35
847 158
207 34
729 649
477 244
593 774
1 280
314 398
385 247
367 616
216 8
367 304
748 816
862 644
870 697
18 267
375 897
836 455
403 735
171 852
236 423
234 532
25 79
208 941
44 54
244 167
760 887
271 706
488 674
638 250
38 321
593 581
674 560
449 807
95 734
668 781
660 242
747 351
481 876
792 114
480 675
741 816
739 222
774 65
890 217
742 928
189 234
497 112
23 868
81 390
849 521
272 557
795 201
595 493
35 301
613 518
124 180
465 731
491 742
886 610
581 738
363 492
531 500
993 463
88 241
45 194
3 288
473 429
142 816
194 68
721 628
734 978
386 872
800 631
467 536
792 680
418 965
390 987
162 864
381 522
172 87
751 224
995 303
725 694
755 593
348 632
488 832
42 311
162 806
411 212
1 122
281 544
216 689
399 323
977 346
805 127
729 898
806 323
721 909
414 421
516 778
377 607
190 702
108 477
802 857
456 750
617 453
887 41
801 303
237 141
950 688
681 1
952 481
598 261
179 442
716 396
764 630
541 874
523 61
566 660
508 582
182 654
957 795
948 603
354 668
280 365
135 161
965 960
884 815
39 825
277 41
272 808
217 186
93 37
971 26
171 613
502 181
527 762
334 540
914 93
369 19
920 445
848 201
9 152
826 612
751 189
172 214
242 215
580 887
428 278
576 353
741 684
986 623
529 853
715 644
865 361
762 75
486 679
784 565
401 429
599 792
554 260
650 20
480 125
528 572
469 830
843 973
527 444
654 121
174 950
282 301
295 609
313 353
167 166
472 496
970 449
756 370
759 519
658 297
179 654
618 967
818 405
739 849
887 151
371 8
498 26
998 116
184 529
566 962
428 546
901 896
358 699
939 413
147 974
363 304
193 21
959 946
294 133
667 719
979 212
390 947
740 547
429 916
811 80
881 948
835 197
284 345
998 524
375 564
56 798
831 523
3 729
161 590
492 167
657 827
969 446
78 589
478 450
890 950
340 263
157 852
67 95
995 622
787 836
769 452
672 726
971 116
601 550
574 411
169 454
583 457
770 185
702 376
599 998
150 316
434 224
861 87
390 458
713 763
588 33
244 294
987 188
802 611
199 488
684 461
315 302
352 81
15 834
766 805
537 230
885 197
432 426
192 596
799 421
306 813
261 892
353 807
631 130
741 522
712 915
234 406
750 110
455 3
612 267
695 578
271 492
549 601
743 145
854 359
85 178
56 4
531 561
797 901
530 965
982 582
739 78
799 293
171 201
826 544
215 441
949 745
657 414
734 317
77 432
646 677
625 748
567 585
967 149
513 613
291 781
795 809
12 222
114 81
492 916
528 324
448 910
901 719
726 279
847 497
134 382
46 328
826 273
97 330
969 11
859 675
683 409
300 297
835 821
71 561
557 808
561 505
21 769
665 84
614 991
461 907
370 40
454 549
687 731
161 158
247 849
980 675
57 746
876 867
473 283
764 627
714 992
552 864
281 486
783 479
83 212
668 609
596 74
927 38
742 270
394 942
227 454
923 836
431 279
975 765
823 149
216 466
121 219
817 709
891 670
762 5
720 888
63 462
752 488
440 722
699 403
790 585
558 724
310 396
842 447
903 67
479 513
556 489
319 782
418 951
805 741
10 926
377 370
940 788
744 408
946 398
805 608
981 628
706 570
263 945
166 870
986 142
344 936
106 812
937 323
884 292
188 589
270 280
856 756
716 712
77 905
727 669
346 822
568 873
812 255
899 8
891 778
174 446
741 412
82 895
64 687
644 56
420 363
546 555
19 881
605 806
158 535
125 560
191 291
509 453
173 864
769 742
942 992
919 233
828 404
58 445
17 953
832 799
92 808
946 979
22 615
143 965
953 469
286 585
692 787
461 834
187 27
140 359
575 561
189 637
674 883
896 818
551 974
257 263
367 582
802 879
10 588
753 508
67 57
187 789
578 655
115 778
220 865
568 75
309 761
142 268
986 73
369 985
314 220
644 986
339 266
51 465
766 73
537 993
847 520
908 64
107 899
163 715
131 450
556 672
336 166
40 619
893 737
687 96
478 687
894 339
416 939
752 252
343 642
707 597
256 134
393 426
688 12
287 182
462 684
29 449
536 726
881 69
255 649
975 763
690 974
857 543
187 744
180 553
765 118
630 98
808 714
470 598
738 902
799 156
811 110
644 192
378 577
735 579
821 457
665 673
42 200
409 259
719 313
428 44
944 821
212 15
314 663
639 593
624 115
965 330
940 754
433 378
402 291
379 560
952 937
9 437
57 424
344 816
695 306
619 208
175 982
546 438
619 867
715 841
182 561
99 224
622 183
403 122
95 721
653 72
116 939
176 343
45 480
701 785
614 45
268 387
644 187
418 698
95 782
424 929
238 518
327 999
431 960
790 481
718 166
410 49
400 493
569 214
111 899
215 927
878 698
52 348
275 912
257 601
668 377
968 248
864 372
766 903
771 587
948 839
495 859
274 690
361 514
985 451
762 706
955 300
17 990
141 72
763 281
955 326
294 872
925 329
326 541
527 630
235 76
773 843
993 440
629 83
808 96
852 815
71 733
233 767
90 741
49 86
705 745
90 475
10 606
259 498
51 398
546 555
954 353
322 756
940 98
118 771
669 594
631 119
201 87
569 84
44 98
822 952
803 931
696 672
119 29
317 272
145 541
