1000
201 17
402 841
714 210
218 365
260 18
476 989
396 574
568 282
425 711
471 687
27 537
647 182
775 861
57 975
930 964
1000 670
514 894
137 886
490 933
181 515
278 926
118 46
259 777
41 643
551 819
624 716
641 149
829 385
322 680
553 948
939 54
214 235
919 427
302 843
810 250
950 551
280 651
251 178
738 709
266 230
540 750
883 987
87 893
903 649
297 402
915 930
171 521
759 979
79 415
983 639
899 847
495 178
165 701
3 539
497 531
325 741
151 108
839 694
638 737
546 847
618 907
942 984
774 747
777 684
170 666
764 811
251 385
453 69
912 178
398 312
964 601
813 574
332 586
521 778
993 165
14 784
406 339
956 187
563 280
356 694
997 905
619 756
896 937
582 26
872 742
650 642
273 772
292 6
122 160
653 416
370 671
275 306
543 48
540 172
448 144
972 580
75 851
879 771
234 183
947 838
822 407
677 711
410 716
685 433
376 576
884 368
125 145
387 845
964 139
805 489
489 255
77 691
695 463
383 147
580 120
554 691
71 258
610 19
885 860
285 869
670 292
968 32
314 495
708 517
767 815
412 246
687 865
451 434
347 793
738 192
874 270
436 539
840 803
306 738
476 763
320 740
870 403
132 622
285 808
547 181
590 327
224 292
919 718
276 212
14 811
147 222
113 455
489 822
94 420
878 736
570 631
823 864
674 826
902 759
149 111
28 928
239 603
360 332
167 568
690 886
364 986
845 99
896 426
180 490
191 520
147 769
641 487
469 617
667 648
457 921
345 816
650 995
476 8
891 500
181 852
915 372
257 949
535 488
568 575
114 925
582 503
966 310
820 930
997 263
536 380
351 117
862 841
419 94
275 614
249 931
530 182
583 963
379 630
493 603
248 679
44 658
445 239
539 633
532 236
640 278
623 848
776 908
391 856
147 821
722 671
741 832
404 204
992 741
874 149
739 505
503 849
436 529
761 35
333 619
515 257
554 818
700 998
447 131
123 32
854 770
615 308
814 55
93 933
57 868
703 934
148 184
403 565
625 111
786 855
321 76
409 681
137 316
419 235
341 507
22 116
735 171
784 408
830 941
32 963
915 152
869 947
241 345
776 356
221 484
368 311
333 389
887 24
876 631
412 534
79 883
255 329
857 316
353 207
799 713
262 65
348 895
632 229
644 64
563 107
936 319
242 409
940 874
432 498
162 854
61 630
462 587
547 302
591 72
477 39
752 573
790 443
120 694
937 602
184 453
813 298
4 297
216 732
205 60
569 484
418 316
923 920
301 297
193 90
638 320
834 890
214 98
861 668
401 330
400 930
62 132
767 479
892 63
363 247
544 936
80 828
709 468
491 761
11 275
807 683
220 562
497 657
157 124
587 285
979 299
264 640
38 680
406 782
555 573
465 176
739 194
672 451
28 355
367 491
55 163
578 743
217 80
750 200
30 379
869 821
819 941
340 184
988 470
868 681
901 903
937 373
248 347
498 234
765 13
930 828
96 779
36 998
629 229
132 389
795 862
351 655
197 96
704 28
934 326
983 862
193 483
780 36
441 788
185 303
589 654
313 7
115 985
829 130
851 132
776 336
699 493
889 338
692 890
913 367
388 221
344 762
458 38
673 520
229 605
295 518
721 759
979 567
853 226
667 82
756 809
791 539
823 454
374 466
283 555
586 406
779 582
41 423
176 194
691 616
879 971
957 553
429 685
527 135
116 463
194 9
523 153
920 454
205 905
452 194
295 740
569 968
686 824
765 278
790 631
889 519
302 378
293 953
364 870
114 6
780 427
38 37
142 10
596 481
298 481
90 978
270 906
206 42
153 902
72 247
137 449
650 973
512 179
721 393
753 395
667 170
30 703
174 348
508 7
770 792
986 941
924 218
485 470
519 696
720 680
524 304
471 97
858 468
22 463
849 364
627 746
586 431
472 279
784 207
35 500
984 4
706 659
768 965
400 899
325 384
939 772
798 783
389 10
466 719
939 854
399 284
753 289
543 649
41 11
964 467
562 975
341 606
919 833
182 177
92 620
564 574
773 81
189 155
269 913
469 592
994 771
745 184
325 672
338 596
338 866
254 495
452 657
621 121
207 643
241 128
367 437
475 746
693 283
628 550
875 754
222 877
707 869
946 713
770 464
685 262
421 92
988 530
57 840
418 376
84 129
758 77
157 870
55 76
33 799
949 558
179 409
28 90
649 2
892 117
677 676
860 145
112 30
336 836
725 769
120 363
765 994
428 312
349 426
858 286
22 369
400 70
197 418
511 181
182 315
320 648
165 150
233 61
95 257
989 693
756 538
886 337
595 281
895 956
152 516
970 103
745 549
127 939
175 934
381 857
376 468
80 278
448 162
764 42
794 805
127 420
947 592
551 447
348 656
97 692
363 588
447 387
415 662
288 819
449 956
388 386
196 740
694 261
336 837
443 637
871 607
695 221
336 482
801 663
783 308
685 115
881 19
62 360
615 164
212 600
743 396
88 880
834 995
390 969
809 895
12 165
133 320
747 361
197 778
663 709
22 519
721 130
796 904
346 6
876 944
433 507
315 277
997 406
976 866
563 343
850 472
337 57
956 259
52 559
625 899
359 506
198 801
667 626
272 193
403 65
334 473
385 862
854 123
975 388
649 288
39 401
810 545
961 699
463 528
280 43
894 113
162 617
743 337
601 209
565 488
547 888
818 542
893 841
525 283
280 824
300 916
533 866
139 107
522 377
420 486
990 881
99 146
821 490
298 573
404 616
620 73
129 543
840 863
344 372
836 234
712 952
881 651
538 751
792 411
347 724
946 180
492 983
793 424
81 748
146 203
882 763
439 405
752 570
872 596
620 142
972 12
194 729
705 350
117 950
922 636
514 907
965 19
248 163
66 612
201 74
188 437
645 767
829 179
576 903
49 534
681 844
555 797
518 806
312 230
869 736
460 184
522 869
127 480
24 49
55 95
423 79
678 521
562 641
711 858
632 343
983 267
230 119
345 581
977 487
542 433
549 985
58 127
181 227
874 55
463 674
922 938
980 362
139 185
902 295
566 234
775 710
276 532
678 38
888 201
785 267
487 484
367 783
512 867
976 425
511 600
574 923
195 940
812 95
854 242
124 43
791 275
24 768
343 122
900 620
647 370
964 418
737 287
224 310
829 822
797 904
520 866
506 923
371 362
272 527
456 801
110 57
518 799
325 257
988 22
368 998
631 198
664 904
977 402
178 490
820 215
361 533
356 22
74 890
702 297
84 448
336 190
14 170
297 76
175 753
859 861
132 564
111 733
72 454
268 379
805 124
618 668
387 907
291 294
505 909
786 462
678 694
692 845
421 69
65 8
307 110
790 750
660 966
346 984
504 886
721 794
366 960
158 667
818 72
795 716
459 424
456 465
349 507
702 838
53 913
734 588
618 64
639 377
890 119
884 657
859 669
640 128
655 722
248 479
671 529
161 631
491 245
133 382
889 878
320 86
919 725
503 494
14 21
654 179
8 154
316 55
580 578
81 169
385 341
860 736
921 113
136 206
630 989
648 703
173 190
862 936
633 742
59 348
752 725
965 239
473 374
292 647
570 164
124 187
572 433
635 917
203 382
931 752
94 583
771 972
24 549
330 791
70 533
840 493
181 746
816 132
60 475
62 906
552 515
354 291
818 362
538 905
201 331
260 115
729 11
89 909
843 587
384 616
346 851
612 459
215 130
687 327
397 702
708 937
366 492
574 429
219 372
44 45
698 340
98 127
457 785
385 541
499 840
430 978
654 53
805 616
136 114
315 961
297 807
683 730
177 441
737 765
104 389
966 680
490 960
730 483
447 983
27 889
229 426
921 713
403 524
312 778
74 36
980 506
234 804
747 870
239 13
979 915
129 678
819 586
32 135
926 924
987 320
956 269
762 831
860 790
155 606
137 193
261 103
603 554
114 417
325 58
290 342
152 893
662 533
459 269
6 662
587 315
794 92
968 760
449 773
410 309
189 706
656 813
352 241
982 55
342 863
561 515
412 537
281 369
653 264
168 88
313 731
257 329
668 609
158 981
586 824
466 342
246 963
129 116
758 675
34 466
874 633
311 275
449 16
237 729
736 282
633 256
478 954
368 925
99 842
41 694
995 964
108 984
179 580
957 246
918 17
300 52
170 149
588 311
446 857
553 78
991 928
790 900
632 558
507 761
559 531
589 337
314 352
503 269
748 288
404 152
719 618
668 754
469 486
751 636
246 150
935 689
404 942
509 330
129 497
476 638
977 500
399 766
74 103
969 533
755 344
404 555
797 938
607 11
519 361
800 266
147 710
353 647
935 852
751 744
652 367
136 796
961 195
197 462
305 682
823 836
86 951
747 620
574 141
364 405
97 586
687 503
92 233
198 304
252 297
94 483
895 275
858 156
917 426
661 817
628 344
790 395
901 2
513 441
450 738
61 421
712 448
750 571
747 505
521 604
632 952
821 513
935 337
988 448
76 644
565 648
338 525
60 545
222 703
644 405
370 571
20 583
752 589
12 376
120 182
825 238
530 173
597 115
