1000
882 14
141 730
973 65
485 145
477 758
622 833
148 660
597 460
544 510
337 231
869 350
177 44
34 325
509 173
509 126
981 109
685 45
141 382
331 504
911 772
194 679
332 30
236 752
325 431
45 216
160 943
803 516
101 150
621 159
510 101
207 115
752 909
653 423
933 107
812 630
154 624
285 191
636 652
400 267
218 57
261 804
334 815
259 301
632 808
969 726
660 822
627 89
17 524
903 451
906 4
969 643
156 480
194 201
579 313
685 570
820 605
561 720
735 918
311 970
666 133
472 23
61 277
943 74
273 393
591 863
250 132
233 75
393 704
115 228
556 302
984 378
382 424
477 177
866 947
566 891
999 520
200 550
940 571
305 372
678 727
253 166
833 653
856 642
189 446
457 811
75 835
505 93
138 37
175 345
214 654
862 907
373 487
268 875
594 587
406 243
978 181
444 213
327 771
867 923
2 791
383 784
667 998
849 646
123 429
982 667
435 808
44 260
259 786
365 745
864 997
596 459
175 152
458 684
340 303
855 345
95 946
506 535
810 445
759 652
425 620
455 976
208 404
297 117
370 636
47 939
67 66
473 841
639 452
528 293
90 567
133 574
185 843
971 93
144 889
567 643
426 762
39 703
779 804
628 258
550 568
360 729
102 599
168 225
346 346
503 492
884 203
876 285
115 660
499 348
463 124
644 331
981 90
668 113
901 269
357 565
582 80
567 538
359 727
182 212
801 504
283 872
287 509
343 817
198 145
300 197
119 307
688 727
444 553
754 260
165 167
331 367
592 457
478 599
833 184
625 489
907 744
910 150
77 834
761 866
35 907
915 122
758 502
232 216
140 977
380 666
696 509
185 577
493 525
766 963
788 909
216 138
470 80
983 665
77 549
550 873
636 132
501 746
953 941
478 747
221 279
967 268
397 771
345 465
693 612
337 76
474 232
490 210
769 397
919 590
334 435
227 577
32 980
351 268
871 784
503 108
903 984
359 729
63 715
221 595
409 83
870 552
165 906
757 996
758 706
226 551
652 468
608 578
615 506
620 792
868 362
472 610
270 536
501 10
989 232
156 110
46 479
932 480
203 787
291 797
685 908
831 49
597 496
622 475
166 907
634 964
524 242
781 547
508 603
130 164
970 383
970 739
231 725
359 769
854 549
822 808
749 156
422 22
299 849
581 456
366 964
948 29
57 882
533 300
557 497
33 991
820 467
697 242
483 355
310 624
124 232
215 116
765 315
41 104
825 178
531 868
194 601
562 407
361 53
469 660
316 602
643 701
852 228
836 14
134 710
930 723
657 736
169 232
976 476
337 622
533 556
338 317
301 800
706 410
938 278
425 954
414 364
205 536
286 240
111 83
576 41
784 663
241 339
716 189
876 928
235 661
363 957
225 366
12 697
831 993
324 722
90 476
186 646
362 860
620 977
747 70
743 695
153 497
53 281
929 577
21 359
275 643
693 605
299 451
266 34
724 255
91 883
303 127
938 425
564 291
950 219
722 373
904 119
560 860
335 709
622 434
837 929
727 790
802 41
184 723
395 853
449 48
376 119
113 118
277 55
47 788
433 306
363 162
978 755
706 896
901 708
297 343
308 209
345 737
912 138
542 568
950 816
140 810
254 656
524 657
645 293
368 530
541 479
349 5
615 861
159 612
50 960
107 876
532 705
488 433
845 430
505 23
800 445
934 107
584 276
400 274
450 466
2 471
63 285
602 727
912 861
404 35
250 131
206 951
342 55
861 347
833 678
308 39
922 585
543 343
87 968
91 228
263 534
139 57
543 387
862 238
60 701
385 263
146 567
853 146
812 602
309 780
685 255
554 741
725 909
917 251
11 826
648 541
492 745
374 286
289 361
994 981
983 16
614 404
137 561
886 588
136 978
934 995
900 365
268 748
468 494
170 207
102 909
275 53
252 635
931 373
96 355
384 869
912 485
181 284
372 252
854 776
700 932
605 55
557 731
612 108
815 791
384 375
933 56
172 276
293 360
187 301
298 475
730 463
28 665
757 997
129 469
961 324
844 873
722 813
63 715
285 111
678 588
287 497
2 428
445 67
393 670
737 573
779 423
789 265
948 879
955 454
915 324
296 737
801 10
466 564
112 296
755 856
936 227
255 39
74 757
3 820
304 931
39 742
198 21
367 957
856 616
844 308
625 902
182 197
69 365
401 891
541 306
520 186
240 930
179 197
965 90
995 435
328 877
231 82
912 737
139 27
811 806
149 921
739 656
271 689
449 605
988 891
203 514
591 182
702 642
127 173
738 146
353 701
654 743
250 64
927 508
25 450
222 22
905 909
972 119
566 56
815 999
829 166
571 989
914 767
174 91
836 951
449 707
354 396
777 993
176 252
947 760
380 372
853 825
591 647
90 795
608 827
624 40
793 480
522 488
386 613
539 255
491 939
42 724
49 905
371 710
119 578
883 814
596 196
959 289
29 832
766 880
75 209
317 461
286 467
28 295
178 878
922 469
846 468
921 149
63 437
606 825
989 74
150 204
305 556
750 331
105 685
216 510
445 812
175 579
323 667
778 758
315 244
242 591
836 793
876 553
352 138
757 547
161 914
875 550
488 123
437 918
10 15
869 338
935 478
310 233
603 705
151 245
133 581
666 411
413 50
127 230
849 166
514 167
763 92
583 397
617 495
976 321
840 345
21 468
96 232
529 732
464 975
257 452
218 473
93 990
152 972
157 966
892 158
378 925
459 35
468 182
262 840
460 219
999 539
681 784
496 985
337 630
669 128
254 757
357 341
280 838
311 885
640 417
747 77
346 840
779 300
984 218
224 723
314 714
931 685
726 290
102 181
723 72
199 528
153 87
60 426
33 902
326 297
380 294
286 958
664 951
51 136
604 283
788 927
343 920
464 761
65 492
805 37
354 564
860 46
77 407
534 569
361 138
891 514
577 829
350 294
176 562
671 451
520 970
419 6
328 284
157 149
179 182
364 299
682 986
319 755
464 673
59 776
120 488
750 331
145 874
905 145
787 791
895 389
263 615
428 165
120 326
582 977
235 233
537 378
958 82
361 172
634 101
132 438
300 785
275 926
409 97
526 257
634 328
428 821
804 306
320 598
483 843
948 879
689 724
365 487
341 523
896 888
360 154
239 58
130 35
877 886
190 580
107 865
481 306
307 277
21 905
518 575
894 729
753 548
340 494
475 525
588 463
488 482
393 702
92 980
178 676
910 558
571 827
745 473
78 250
464 630
574 529
887 162
530 397
34 865
199 44
766 520
625 828
402 161
624 331
186 96
867 185
907 713
691 198
236 236
993 155
41 990
159 199
569 465
152 474
981 862
447 936
920 726
729 774
649 601
110 39
615 483
378 869
780 877
700 140
229 150
374 396
740 914
990 223
161 271
866 540
650 599
604 720
854 873
172 805
838 467
443 491
222 386
290 101
349 653
660 396
287 801
777 290
483 764
784 377
27 843
811 750
627 355
229 82
286 229
101 604
787 447
632 243
918 413
590 887
178 185
28 662
967 440
400 636
947 533
770 817
770 542
759 306
7 890
739 574
147 179
598 324
424 502
618 142
296 969
348 905
28 992
356 131
630 451
927 843
368 560
821 4
294 969
273 428
203 266
359 519
794 641
34 472
363 322
463 976
921 667
941 184
244 593
490 633
238 347
411 706
792 717
187 287
801 181
440 576
394 153
717 959
515 734
210 868
13 96
264 370
683 738
944 877
29 866
983 216
201 362
658 517
553 327
993 988
270 846
553 309
759 769
809 656
441 974
229 284
807 167
746 823
684 901
355 257
928 817
869 55
21 411
932 941
749 647
960 256
139 472
139 480
385 114
718 373
811 458
538 560
988 855
595 132
822 250
58 694
798 439
29 81
35 837
642 645
144 741
706 158
997 636
177 118
855 852
616 693
729 572
711 415
924 155
370 905
849 407
512 233
853 495
486 175
662 587
414 6
855 431
330 860
938 971
693 668
691 647
90 984
586 460
411 441
116 219
701 477
518 347
629 600
831 255
444 884
120 618
569 416
84 756
808 697
598 858
151 34
232 85
511 963
504 283
526 291
914 584
118 309
564 913
304 333
210 119
407 853
240 102
895 736
258 59
370 467
716 615
906 140
189 934
800 321
98 395
656 394
192 896
862 734
620 847
329 447
546 676
383 263
155 247
542 463
210 341
99 607
12 256
927 969
813 67
784 309
429 80
349 38
855 131
73 836
411 356
866 78
576 243
547 880
822 445
813 101
619 446
365 890
893 509
655 64
552 892
824 324
417 75
779 795
709 636
824 908
148 242
138 388
567 338
481 639
301 135
320 481
52 985
787 640
326 872
1000 447
893 691
296 999
635 279
441 421
75 640
252 976
628 750
710 105
506 696
829 202
530 550
562 145
61 536
480 461
800 268
102 861
908 883
868 247
823 71
299 735
832 373
825 594
156 729
200 384
585 548
980 505
803 833
346 620
990 33
555 200
996 857
119 163
648 345
311 71
454 21
509 939
359 532
174 756
265 93
949 971
955 594
780 742
863 280
852 609
