90
27 65
44 48
90 46
57 87
66 42
74 40
68 29
49 59
42 35
54 53
22 8
5 65
49 14
1 22
37 77
37 18
86 78
38 66
63 52
47 44
43 57
45 33
1 80
61 44
55 50
3 50
48 90
30 76
62 81
90 40
33 81
65 56
89 14
16 38
33 30
82 82
52 58
68 7
68 17
25 42
3 56
69 47
32 47
84 30
78 70
72 10
9 80
28 36
30 60
36 19
58 74
43 79
87 4
11 44
4 1
81 79
74 6
47 4
2 20
70 43
85 48
84 88
52 18
44 17
88 77
50 22
54 5
41 69
30 22
56 80
39 78
66 20
72 56
65 18
10 44
24 48
29 28
64 13
85 51
81 22
39 1
2 79
54 51
31 34
75 54
36 32
89 3
35 55
46 35
15 52
