977
482 843
259 878
207 330
662 595
118 556
13 195
863 633
367 819
297 486
161 589
957 762
655 511
300 767
412 328
181 73
410 323
676 543
400 55
930 450
591 681
124 128
468 409
431 12
117 324
676 394
807 16
545 562
368 547
371 91
306 49
43 293
883 384
58 231
212 719
523 692
664 682
94 340
3 588
145 502
235 91
197 617
232 239
585 338
882 208
76 309
722 938
126 181
491 954
394 894
747 797
271 319
700 260
451 754
342 198
933 870
717 193
412 221
496 810
166 514
708 373
549 555
373 303
182 871
270 110
452 274
771 508
636 53
360 381
946 722
795 776
373 564
838 966
332 631
839 122
157 945
824 414
452 386
398 638
41 27
413 904
444 531
106 110
568 245
35 31
504 192
402 42
119 973
332 894
46 587
907 347
629 545
388 277
170 792
672 839
623 542
768 601
774 223
40 799
842 262
281 189
542 207
938 570
64 730
729 132
67 215
102 259
377 86
810 219
190 169
373 846
232 809
639 732
157 960
364 426
392 63
205 591
462 429
565 577
502 233
695 539
195 705
530 891
604 914
188 172
602 354
634 203
382 731
199 330
268 519
609 422
432 385
503 444
137 386
478 786
498 68
99 798
396 669
775 526
700 840
108 116
617 915
419 514
176 93
488 308
127 327
480 55
623 564
122 934
674 52
340 201
854 54
460 46
290 410
371 968
539 705
215 351
434 224
610 869
447 472
4 798
688 550
89 546
765 691
566 595
776 398
199 237
424 373
178 477
927 102
716 146
885 303
202 918
290 907
669 416
912 597
252 89
699 461
269 902
337 143
97 239
153 227
438 84
527 684
394 154
313 670
19 360
398 935
917 702
697 839
555 727
458 344
533 793
825 727
80 955
90 221
274 33
268 871
302 953
394 185
53 910
441 815
162 931
216 82
848 752
326 230
510 346
267 946
529 457
753 792
800 48
622 527
749 656
508 467
126 223
768 316
484 306
24 275
395 699
232 852
387 598
908 510
534 316
163 643
583 376
679 659
657 515
347 733
663 274
672 914
519 260
67 694
3 416
816 632
874 755
566 494
6 147
228 153
85 515
914 576
245 182
340 257
736 33
238 130
447 859
580 107
368 37
760 51
44 869
420 773
741 703
430 687
955 194
595 418
487 884
698 156
754 911
55 313
327 349
135 679
89 395
553 748
331 829
216 530
975 851
251 113
275 194
660 72
860 550
489 490
882 373
960 640
97 64
962 556
382 213
769 562
957 769
189 346
938 861
48 917
936 147
734 226
968 92
241 476
597 633
864 438
390 705
213 193
516 301
496 743
725 450
796 584
376 152
71 53
694 962
445 36
568 730
501 841
365 589
499 590
94 228
805 352
50 97
967 226
608 519
47 288
153 226
182 692
166 819
747 519
266 812
638 714
737 843
246 85
601 527
294 872
710 76
372 422
703 914
952 239
562 406
419 667
116 119
932 734
45 2
623 374
569 763
347 83
181 169
890 894
34 597
715 572
534 92
828 134
255 917
490 758
747 19
787 324
234 11
933 263
605 803
133 857
836 173
380 668
466 660
866 74
685 866
292 902
589 180
519 761
903 563
350 860
519 59
331 863
318 187
278 28
472 403
897 335
578 559
6 448
56 683
14 257
354 696
236 378
516 264
896 941
67 701
123 350
58 387
148 186
761 646
738 914
369 599
734 86
456 861
508 526
626 462
394 663
271 141
288 349
209 842
701 234
330 9
431 19
515 337
895 354
64 302
359 529
483 14
224 804
270 670
93 593
145 215
10 654
477 652
747 649
455 839
746 369
633 113
316 112
913 660
351 501
931 298
425 583
861 485
286 32
655 803
622 163
143 608
817 54
463 441
973 380
653 276
718 753
841 672
933 293
319 749
28 483
626 922
971 618
191 561
517 62
583 570
71 108
840 935
146 46
765 655
518 66
781 27
638 777
391 32
329 78
461 325
763 733
304 395
502 551
401 909
562 143
957 474
539 68
712 570
768 521
209 186
588 106
743 417
151 106
285 507
751 435
591 778
239 12
724 960
839 98
767 518
840 162
590 624
780 467
885 291
166 598
555 74
623 760
689 851
617 249
707 803
215 683
676 152
254 520
819 931
844 671
146 860
117 219
637 39
245 626
295 811
385 850
567 734
922 180
287 543
231 939
111 881
765 28
560 358
651 169
40 862
835 794
936 68
141 549
955 812
525 400
877 166
572 619
463 792
31 292
898 642
933 202
303 889
399 80
74 15
849 405
917 253
453 115
25 629
217 785
697 685
436 390
350 393
679 98
355 55
728 445
26 912
96 928
207 445
785 910
390 437
456 65
880 721
283 754
893 961
849 3
921 793
212 373
759 906
242 593
757 840
442 720
540 284
615 518
425 513
467 8
925 96
820 243
806 969
407 7
785 623
171 600
905 868
106 398
207 15
878 565
622 156
663 972
598 52
469 565
548 748
179 654
509 252
37 403
517 627
156 587
121 461
614 391
105 249
577 108
131 145
436 560
922 280
783 39
882 181
300 186
631 739
329 942
77 277
20 501
510 299
792 69
376 250
338 869
343 974
894 246
194 246
969 643
918 5
536 318
947 538
348 344
811 223
955 239
873 52
275 628
18 577
927 123
685 812
538 131
617 768
757 927
148 348
929 924
759 168
506 471
359 165
600 408
237 100
269 88
513 179
819 955
818 486
483 292
685 852
396 895
457 809
274 76
461 17
810 620
289 594
901 111
51 235
795 316
684 670
36 507
505 621
200 852
812 51
145 701
807 625
349 784
464 475
583 57
566 507
861 624
240 895
890 428
261 395
211 820
56 834
168 415
808 328
454 572
469 667
556 948
695 624
61 81
842 751
278 840
151 150
237 130
517 54
912 47
329 663
972 335
266 599
325 509
370 355
733 686
274 434
702 919
272 771
702 503
587 674
906 587
203 455
38 224
597 709
600 528
677 856
420 266
529 763
899 423
301 473
177 796
945 813
484 388
145 551
351 168
805 249
948 120
781 152
87 99
279 767
20 406
199 42
541 54
432 427
804 504
401 665
557 519
258 723
825 913
655 659
377 862
511 64
69 365
863 762
112 201
661 431
144 365
86 361
406 667
296 492
771 371
53 431
250 195
98 969
531 579
804 942
495 542
812 604
392 44
265 747
506 194
518 156
528 189
31 585
359 563
261 636
143 533
359 406
749 953
357 560
277 598
941 583
252 411
158 722
962 389
321 466
286 786
259 693
244 125
444 751
299 391
189 653
593 971
745 634
737 282
785 847
881 859
805 633
211 106
934 296
204 374
1 706
342 544
731 423
948 637
611 725
882 390
457 376
362 837
659 223
834 378
718 451
343 75
205 526
440 815
97 839
734 643
73 715
822 319
402 113
286 442
583 438
74 745
581 517
735 942
786 338
736 37
307 334
626 38
27 239
402 168
122 66
758 303
328 825
47 310
300 858
781 507
797 65
76 718
107 411
505 588
742 586
207 899
672 574
823 407
359 527
514 693
902 74
561 626
875 320
859 833
58 842
83 725
782 577
457 506
420 676
513 785
696 925
580 550
579 381
692 961
912 101
695 170
756 366
176 53
788 536
666 175
503 477
357 529
175 230
161 28
224 920
211 330
547 51
676 26
364 924
761 613
367 26
874 499
1 841
139 317
333 957
231 237
716 486
474 957
183 914
808 346
354 827
629 407
931 139
674 416
741 122
330 689
453 711
917 588
656 421
380 604
826 840
645 583
624 661
186 661
173 160
897 516
827 822
331 726
371 364
562 254
166 479
472 32
744 946
971 862
71 152
823 762
834 614
523 381
120 955
420 941
910 908
406 963
175 696
555 605
648 171
379 36
853 257
331 836
332 649
468 808
324 865
611 744
932 126
179 456
698 910
757 582
252 593
312 30
724 382
370 867
278 483
464 631
89 778
895 550
238 368
630 975
527 515
115 278
427 299
106 778
783 452
974 280
166 146
237 245
71 804
894 595
399 46
74 548
686 65
837 219
637 928
976 165
397 657
199 187
685 58
801 193
312 222
216 606
462 856
74 567
698 354
269 561
62 860
413 46
976 640
761 283
774 776
727 559
651 188
896 238
232 960
267 119
379 665
71 860
564 937
303 188
750 93
500 505
702 544
153 704
41 401
563 828
959 298
500 41
446 177
438 193
785 646
110 176
692 401
385 280
273 438
99 643
132 824
220 782
204 620
392 687
202 684
732 539
166 56
673 654
110 728
634 77
806 649
846 453
918 748
721 50
646 184
613 373
587 565
851 363
765 291
526 934
430 544
631 25
618 33
460 810
735 970
394 291
578 269
398 849
599 579
611 226
33 386
528 443
811 133
632 551
815 461
7 233
44 973
382 964
892 330
267 390
893 235
530 396
671 577
664 439
937 944
79 685
749 879
303 399
891 899
182 693
842 545
448 610
