1000
952 380
848 900
15 390
608 687
215 200
458 835
845 651
890 204
455 870
458 723
411 202
651 601
168 127
410 13
420 91
730 795
448 223
505 283
492 224
149 129
230 238
505 303
135 833
576 80
678 561
562 48
108 765
287 838
586 115
523 740
823 566
722 461
210 19
542 568
666 434
163 13
760 768
364 923
759 563
140 709
369 157
514 564
483 925
609 715
461 693
736 296
107 285
664 370
722 792
88 1000
731 970
343 552
772 617
927 3
732 543
318 862
449 153
844 954
319 258
384 335
150 608
957 596
681 718
636 665
389 266
45 5
308 94
483 972
530 868
326 424
9 238
966 598
367 689
61 603
5 573
173 31
561 609
642 35
657 94
413 421
78 547
588 603
695 660
698 42
424 826
537 108
260 876
510 83
398 151
633 864
675 616
634 220
147 738
347 679
318 858
60 45
989 283
574 731
149 577
518 374
639 44
517 114
38 809
679 654
44 402
677 8
794 205
14 536
727 251
438 259
273 477
142 12
90 524
780 686
884 369
721 191
765 43
460 193
536 910
854 252
187 607
325 393
230 397
716 868
403 951
674 846
500 817
9 399
628 447
5 210
971 808
121 58
944 962
332 989
776 970
395 507
388 425
171 363
227 370
21 969
427 299
886 277
170 86
732 979
54 756
750 317
817 135
945 669
852 806
41 412
856 758
387 306
324 985
182 291
847 345
740 732
897 76
122 698
118 630
296 388
503 55
143 14
241 997
851 614
714 514
398 871
958 416
461 21
146 706
742 369
921 450
701 307
33 120
503 664
622 5
138 6
47 658
895 113
870 126
817 933
86 622
56 23
324 656
572 754
256 157
775 87
32 657
277 143
183 133
836 524
434 564
737 194
940 24
817 213
547 704
840 875
171 263
23 122
505 290
592 37
527 174
399 106
837 19
218 542
474 965
289 561
58 305
340 579
168 284
532 650
928 610
223 327
697 478
162 222
630 872
667 101
774 66
941 703
945 883
813 186
173 442
115 30
149 880
21 114
574 713
878 751
403 738
87 748
941 886
808 432
308 994
551 512
965 738
201 834
52 193
164 925
146 698
474 864
24 589
934 204
681 187
746 148
817 570
290 87
655 260
327 556
603 768
28 290
956 96
169 118
541 360
65 784
182 963
591 28
966 344
466 406
60 165
955 91
738 910
648 349
513 961
111 77
329 768
892 294
209 456
797 840
125 957
411 370
351 520
420 544
165 507
177 890
929 482
383 3
871 553
353 857
137 941
18 816
469 616
345 707
319 293
19 328
239 627
817 668
767 665
490 311
479 478
998 779
791 206
45 623
483 346
134 736
370 722
430 893
19 622
165 986
562 951
571 587
303 264
512 794
718 120
304 154
805 398
139 221
750 308
924 429
754 180
407 723
248 360
243 954
206 251
135 356
281 664
38 212
146 27
836 298
964 383
311 711
423 292
301 13
87 869
882 451
719 332
762 482
30 643
385 20
204 24
560 496
695 592
834 766
90 155
850 954
982 200
605 463
126 283
938 139
268 535
13 43
257 429
571 263
866 473
829 99
101 879
83 175
195 822
851 384
341 52
54 66
26 655
143 352
688 779
543 646
486 22
436 251
646 912
799 623
833 58
273 689
420 109
722 201
531 496
770 643
254 467
511 419
220 766
594 144
522 320
312 138
633 133
887 146
743 202
786 339
613 618
675 619
166 269
743 480
559 41
916 263
144 340
245 181
522 303
800 875
132 229
31 482
969 658
896 738
982 590
618 917
897 512
66 879
572 68
740 177
374 555
268 910
443 628
286 987
85 837
247 122
53 39
579 545
659 40
281 999
495 42
388 673
425 229
668 739
708 777
904 933
110 887
604 830
714 608
691 557
312 621
323 463
917 698
142 825
612 868
579 586
821 176
817 556
528 605
724 860
69 854
847 110
40 160
961 672
197 417
174 319
463 475
455 123
799 692
663 194
790 425
311 225
642 745
11 883
213 538
582 867
358 648
641 941
961 513
932 185
203 593
716 783
897 601
490 91
835 163
777 115
826 61
769 742
72 858
187 990
932 371
650 49
234 579
90 228
981 898
795 94
434 375
886 345
707 933
111 754
129 774
531 445
52 50
802 196
55 23
922 698
997 994
818 39
952 307
650 669
349 310
257 681
506 687
373 120
121 404
787 679
491 365
981 344
825 26
456 172
364 552
153 652
41 408
318 849
715 537
367 478
637 868
505 823
596 55
102 212
681 9
126 604
859 212
765 286
236 37
19 931
11 821
896 193
598 951
146 199
367 291
668 341
539 47
353 541
855 738
710 779
198 79
759 541
478 95
888 407
373 52
129 439
52 852
152 112
26 622
7 378
717 1
99 214
266 742
17 203
429 342
605 714
388 890
604 813
314 456
15 478
237 231
395 237
82 108
776 767
837 115
375 907
497 30
215 520
6 320
531 216
149 127
507 257
259 240
771 480
222 730
384 775
605 481
123 657
772 185
906 130
522 622
281 729
890 73
854 842
598 219
726 817
392 120
593 421
937 310
601 914
222 149
524 267
464 230
989 7
681 147
833 17
15 278
586 538
518 967
291 472
963 169
473 562
179 639
879 907
393 512
481 349
72 634
947 116
621 617
827 90
611 632
296 112
171 487
760 610
567 740
973 621
987 890
786 47
120 451
659 814
6 326
510 584
107 732
8 231
283 52
715 735
900 902
929 360
544 722
684 449
4 816
177 567
641 485
787 352
105 890
447 767
877 28
814 879
604 748
930 475
523 37
437 71
936 594
974 98
974 626
466 579
401 152
893 522
570 341
933 27
435 609
708 683
699 401
330 977
245 362
492 683
310 751
571 864
982 781
187 430
576 680
877 140
902 306
383 685
562 507
28 409
672 326
332 880
573 65
59 159
548 886
468 502
54 643
121 466
303 721
58 327
759 245
84 461
912 576
308 609
448 410
155 864
754 554
49 483
717 9
54 215
2 316
686 387
807 784
582 142
834 435
325 591
328 294
252 573
903 122
317 192
916 435
277 520
899 800
933 307
982 623
962 798
795 22
820 912
613 732
375 584
788 114
581 400
13 228
242 425
991 991
29 711
841 746
896 518
958 337
695 230
665 324
915 780
384 410
97 180
542 892
935 93
265 117
768 941
404 439
540 816
628 12
717 438
93 588
329 704
941 473
655 999
811 136
213 609
511 2
841 39
866 642
877 959
693 34
482 67
828 792
738 79
822 49
572 348
63 281
956 53
107 837
545 346
260 219
332 504
213 396
684 90
738 549
587 555
952 836
812 704
720 90
207 686
788 456
120 690
556 42
816 410
925 817
841 498
648 809
252 359
949 673
412 588
268 260
368 366
325 233
534 539
802 551
644 385
250 960
953 703
509 718
450 904
832 605
106 377
642 930
472 44
918 515
596 527
875 591
390 76
101 855
394 332
347 620
596 743
474 250
227 391
32 450
634 380
970 68
938 229
955 505
721 455
584 11
34 524
533 27
237 692
658 883
598 543
351 554
921 663
933 976
959 186
277 571
280 360
213 931
290 126
528 105
746 827
814 105
144 795
634 851
134 853
639 652
224 16
66 610
856 309
167 892
911 321
537 539
384 274
376 333
658 5
214 639
883 813
95 708
543 179
437 255
380 412
536 612
946 751
254 933
211 335
173 978
609 623
221 155
681 455
593 860
949 486
999 228
397 310
780 998
706 505
287 926
584 147
633 968
35 741
489 100
209 770
401 114
63 641
800 877
906 575
881 405
731 552
361 675
464 247
519 710
302 676
487 741
535 629
909 110
492 362
103 498
637 123
602 466
238 717
117 101
144 453
885 903
763 644
222 679
272 477
658 840
711 402
720 534
262 83
994 142
372 784
837 777
79 534
166 186
180 228
904 372
714 276
411 812
506 760
302 927
600 898
636 334
145 18
626 351
430 823
902 731
571 497
294 17
164 402
183 228
448 879
881 293
683 816
416 444
73 312
405 973
516 704
188 283
571 250
319 955
686 470
934 745
806 3
867 111
512 104
371 200
140 546
23 266
532 699
708 432
276 746
760 651
354 401
780 877
344 905
885 367
176 765
919 970
234 386
679 131
132 57
627 161
460 46
737 316
84 39
910 304
788 303
586 361
660 640
494 750
474 228
256 302
369 455
608 257
449 567
732 364
381 917
673 977
688 930
997 81
721 377
718 175
909 534
421 293
286 852
76 739
553 789
609 768
776 481
529 843
841 559
551 810
759 168
248 80
715 638
361 136
132 868
189 868
217 204
313 286
58 432
99 786
150 295
182 451
781 251
514 608
945 526
683 640
869 843
223 218
440 836
422 656
19 565
243 404
9 142
385 948
899 423
212 795
901 392
321 14
540 717
708 365
599 550
837 512
224 393
764 986
614 485
93 868
780 871
759 773
249 713
860 506
673 330
784 101
256 211
802 481
70 466
700 793
160 367
804 158
521 158
375 71
349 915
603 453
940 234
761 645
541 884
394 417
222 810
75 904
998 767
39 254
131 770
999 161
642 401
562 471
128 491
698 207
499 110
