1000
933 859
686 312
91 945
199 493
127 802
309 589
596 432
24 526
842 676
584 455
25 400
272 337
399 870
653 996
367 873
71 145
27 892
181 164
609 233
178 692
381 667
128 572
502 873
450 97
956 59
20 964
6 689
467 532
516 371
637 858
517 443
674 57
403 291
304 877
973 824
734 286
878 815
729 248
813 307
546 139
149 576
620 737
189 985
788 175
314 945
467 279
181 91
614 93
730 545
564 352
377 557
207 815
929 230
877 818
820 101
768 452
279 508
871 160
781 241
382 481
86 284
909 887
834 681
174 867
524 728
234 175
896 541
886 949
18 206
584 544
472 556
641 224
539 110
903 342
178 336
414 140
620 859
302 216
821 64
381 255
891 111
188 660
403 855
750 537
98 991
131 223
974 632
786 550
96 63
328 789
302 308
275 166
238 19
676 618
27 694
235 353
883 144
603 392
981 571
577 468
206 596
352 534
137 205
40 228
842 435
196 627
656 188
788 510
248 321
356 497
175 436
13 299
267 899
39 236
573 831
63 254
408 887
206 782
274 22
638 962
80 143
740 193
963 249
923 215
559 21
564 307
736 860
107 195
29 788
533 637
633 297
931 394
156 582
425 774
415 498
298 886
772 725
582 316
548 74
700 805
289 532
896 481
121 87
893 185
954 644
39 284
819 843
189 491
248 921
829 957
540 161
36 125
665 485
948 959
381 759
682 462
263 875
430 924
804 832
409 213
895 277
748 727
121 899
894 609
499 408
399 222
722 924
610 333
836 476
975 48
689 663
69 628
647 35
224 996
54 367
600 824
48 404
984 437
812 407
722 600
821 713
109 598
226 890
376 647
199 762
26 789
620 695
655 826
223 806
56 734
679 401
632 890
826 638
561 52
909 928
423 926
181 98
963 879
766 753
140 128
451 584
998 764
202 217
657 758
454 481
452 685
223 619
959 942
599 872
408 693
349 512
69 627
753 431
458 578
657 777
594 280
779 751
444 969
295 108
761 892
74 85
28 826
705 96
139 936
375 25
622 596
541 47
564 235
925 952
274 762
943 648
316 997
246 807
395 358
686 691
335 234
632 643
753 675
703 281
404 461
67 856
326 596
458 860
430 328
539 114
167 587
757 762
783 964
143 179
737 5
810 333
285 105
436 274
650 241
569 782
548 131
302 181
821 445
272 498
830 181
285 854
249 526
851 787
197 658
822 585
120 924
437 5
21 988
649 659
875 343
417 307
167 992
362 562
219 787
554 992
649 567
843 311
407 93
290 743
912 850
525 837
598 501
106 211
367 405
653 991
192 315
940 210
97 931
897 726
807 800
289 775
492 646
781 462
517 226
984 946
610 666
679 480
39 816
893 10
298 540
498 85
106 548
405 834
360 546
142 734
137 745
761 736
232 745
639 665
187 905
687 973
697 311
180 226
145 507
22 372
272 682
370 509
703 927
952 255
340 40
124 983
810 889
86 563
162 151
615 146
543 765
715 671
363 443
162 22
689 360
650 368
886 326
689 766
160 552
292 926
528 324
873 605
399 861
862 248
374 599
287 99
618 825
361 114
316 538
970 398
77 72
978 258
344 901
778 374
369 779
794 937
383 296
291 728
931 421
470 140
108 730
683 819
997 974
669 545
627 967
352 670
359 45
492 34
112 990
953 233
69 279
966 453
386 1
408 829
398 145
439 752
362 856
568 455
961 280
492 599
525 465
17 470
642 433
597 299
961 528
184 81
96 195
124 303
959 216
84 606
656 770
891 327
769 566
329 738
23 665
511 294
556 704
536 967
658 183
12 432
449 831
935 62
719 936
763 376
797 70
917 605
780 799
184 891
855 156
626 28
27 339
666 707
910 745
940 248
795 347
855 102
890 857
313 890
586 902
568 319
760 808
62 122
286 4
69 985
776 630
303 375
614 745
123 603
798 602
282 726
743 45
103 874
226 10
515 682
472 600
920 321
360 480
924 448
428 284
329 643
246 532
162 50
92 382
504 238
183 971
444 545
690 873
207 255
334 531
906 52
37 705
914 297
844 121
153 339
908 900
239 133
27 107
772 918
8 314
96 472
513 669
433 289
461 56
437 808
828 428
698 58
722 615
828 317
117 689
181 452
854 237
282 491
659 32
453 387
287 518
473 460
589 278
628 380
193 287
902 467
872 700
536 335
245 946
443 961
748 699
826 199
761 21
864 419
781 538
175 430
789 281
257 985
266 24
407 108
661 992
536 853
175 721
777 297
36 233
939 740
206 181
595 305
280 959
434 492
838 774
353 872
466 988
331 65
332 107
921 228
76 410
820 214
965 709
375 833
925 349
461 931
264 860
322 595
354 223
304 653
371 53
579 659
901 223
987 585
88 56
139 199
223 110
721 454
628 217
974 598
617 429
296 595
86 75
807 828
987 232
295 345
378 578
354 132
363 247
979 531
43 975
542 41
822 609
387 230
604 974
975 614
204 228
42 791
739 121
18 780
188 947
308 785
26 259
852 834
175 545
389 633
40 270
191 175
415 242
380 351
522 501
300 507
366 917
507 721
38 711
169 658
535 618
125 742
583 511
857 777
278 58
572 439
163 755
181 254
427 760
238 42
15 384
995 574
973 369
482 608
818 816
968 325
486 634
353 264
882 106
960 920
352 782
848 476
401 947
356 48
982 416
695 785
706 590
442 919
608 917
375 445
842 763
190 708
859 923
922 321
707 832
818 720
795 981
135 895
821 956
921 984
350 573
860 946
718 654
965 357
44 116
78 422
954 96
230 429
314 281
927 257
616 534
361 670
850 354
566 911
428 504
548 792
511 547
746 704
648 397
523 114
301 505
408 749
598 911
864 127
716 54
465 590
785 554
58 40
217 307
216 256
867 636
780 194
513 64
59 152
766 335
263 679
456 657
874 506
495 563
260 633
787 569
960 859
456 376
348 215
231 406
560 885
872 184
57 123
357 258
111 874
660 356
801 424
572 744
516 688
204 542
662 119
641 341
717 676
489 403
931 336
161 252
35 804
984 350
882 254
744 875
410 441
585 747
907 532
355 787
60 637
457 72
1000 194
421 795
547 261
467 155
989 775
629 21
436 320
198 240
145 651
288 534
136 637
234 528
558 144
428 39
343 195
92 625
478 507
496 603
108 563
207 58
141 830
776 639
717 972
833 176
343 380
493 863
916 386
285 924
554 389
489 571
287 827
701 232
957 658
516 2
402 33
852 591
741 206
908 965
6 457
648 945
309 763
161 985
788 107
804 974
787 568
990 606
929 734
57 277
780 499
404 78
77 879
658 934
678 277
348 711
339 10
84 745
170 963
413 404
103 988
483 561
837 102
232 52
539 576
795 565
201 76
72 134
278 209
911 722
384 723
55 451
342 177
149 389
951 624
907 707
737 395
818 20
122 138
995 637
810 291
572 479
282 836
434 552
600 161
506 729
462 489
694 272
936 453
866 260
23 556
802 75
941 182
16 479
688 352
645 207
438 35
492 604
285 860
110 456
747 845
549 50
762 545
744 332
696 314
491 303
663 671
565 721
724 792
286 148
822 586
299 618
188 358
236 817
653 175
351 822
844 601
414 262
637 959
854 867
224 897
504 568
888 965
85 510
9 40
272 622
214 56
818 463
581 647
398 166
385 729
508 747
477 801
117 746
561 694
974 511
679 772
53 770
916 434
705 882
633 866
254 505
126 390
430 506
215 144
302 308
924 621
954 959
44 462
665 975
169 808
27 214
703 566
643 151
951 513
930 62
3 632
735 188
274 799
491 466
10 360
463 626
919 715
517 464
595 242
58 998
684 641
715 290
438 484
759 75
741 824
476 410
891 499
762 541
134 750
188 641
605 447
478 460
119 746
377 296
647 271
156 748
144 121
881 808
907 872
388 754
314 289
24 745
298 258
732 942
905 941
65 349
302 896
389 584
434 682
534 541
989 411
815 907
357 404
680 234
308 794
347 206
207 474
86 411
430 969
851 714
44 257
337 654
51 244
270 543
611 705
277 523
295 473
337 722
331 156
34 645
368 849
36 129
942 737
361 209
874 91
661 914
593 7
793 474
184 297
508 643
626 528
231 154
132 166
962 793
372 248
873 989
147 25
956 57
747 634
104 183
715 608
204 289
40 861
446 870
777 872
72 167
871 670
871 650
894 922
171 674
351 464
192 115
633 322
614 494
994 926
794 200
667 61
5 385
958 881
873 734
838 112
913 515
570 677
842 144
247 562
414 319
373 305
266 375
605 373
373 225
526 97
638 765
115 143
220 784
993 196
265 694
161 311
271 110
129 256
164 929
955 837
377 908
40 909
537 667
700 248
320 729
849 1
291 140
45 442
602 372
567 855
619 387
946 583
394 315
12 78
975 981
50 655
381 99
449 270
383 271
506 523
381 690
951 841
103 418
724 228
606 454
60 20
291 190
910 238
143 428
239 528
901 557
742 119
21 401
54 361
416 56
349 958
75 355
272 728
484 102
43 959
530 65
299 31
168 54
216 495
965 767
16 355
42 408
955 860
244 930
267 701
208 812
14 388
109 962
