1000
138 696
283 355
879 54
905 678
379 115
533 321
728 958
232 396
209 519
144 661
892 622
279 607
821 67
200 862
860 926
837 798
972 5
483 367
920 834
227 569
692 924
655 40
694 804
297 732
962 350
556 69
410 297
544 528
695 6
589 496
742 854
649 208
759 499
10 133
529 990
551 106
115 57
396 800
762 765
618 1000
719 670
642 604
358 45
151 726
653 848
748 954
295 316
151 469
195 669
735 743
229 483
211 348
490 134
246 333
955 408
513 934
955 88
808 80
168 248
661 599
769 698
614 408
186 209
707 365
553 226
846 900
241 137
55 365
386 851
391 607
712 25
685 606
264 365
520 662
478 809
998 542
492 747
343 987
143 194
904 793
788 908
200 713
506 880
625 245
323 395
246 424
1000 446
274 537
709 235
272 480
595 685
172 269
484 622
398 843
580 843
856 66
156 922
776 142
26 178
566 839
114 70
548 751
91 696
95 558
845 632
741 427
706 373
419 282
129 291
560 685
714 568
323 119
187 597
912 36
302 418
13 41
357 793
508 128
965 510
987 302
687 543
655 807
626 558
454 591
401 825
330 204
273 381
480 930
181 193
549 429
787 107
70 286
911 559
938 200
491 525
130 389
11 511
886 187
80 823
280 434
83 771
956 693
153 605
213 928
334 655
436 928
793 108
706 140
938 814
154 758
302 467
471 664
364 110
304 999
708 772
655 407
174 178
280 558
536 162
317 903
364 894
827 484
673 56
648 663
208 147
630 643
2 486
708 602
519 975
460 480
49 170
580 745
781 61
221 550
113 702
639 915
465 931
647 859
185 689
628 152
14 1000
396 555
206 215
499 795
528 61
545 366
520 559
588 679
823 644
929 162
608 989
80 502
198 66
652 76
517 411
543 896
178 837
938 352
398 977
164 703
578 528
672 243
26 944
818 368
481 69
485 516
112 268
355 415
431 561
347 919
614 192
192 258
541 365
324 77
893 527
821 389
63 951
781 13
242 79
165 49
204 403
246 899
855 412
947 618
859 420
183 364
801 892
105 439
867 179
281 409
807 156
410 47
494 803
352 338
226 385
627 765
822 716
486 487
456 205
595 52
322 862
615 64
985 443
143 506
87 239
642 204
187 323
282 647
161 985
93 966
288 808
319 747
881 849
823 694
900 696
541 621
295 909
60 53
975 398
597 549
852 170
724 660
786 519
53 938
323 64
260 858
758 984
87 324
820 122
504 453
408 287
190 802
913 281
55 279
558 344
485 838
262 818
88 630
434 584
441 970
68 376
572 55
812 718
495 161
661 465
817 449
432 245
125 393
641 939
861 258
783 374
777 782
689 232
409 535
699 330
329 333
996 95
447 390
637 510
889 113
419 223
327 834
966 829
348 594
531 665
814 164
315 288
153 529
832 555
586 250
818 165
822 97
145 378
423 323
582 361
620 965
736 362
447 561
703 452
883 663
399 972
747 515
922 222
203 357
160 715
488 387
993 623
269 460
392 886
324 854
518 300
788 846
203 101
965 833
137 406
331 256
716 416
854 270
691 109
366 953
770 258
773 847
563 953
725 866
655 296
742 569
355 796
191 635
917 962
659 994
188 904
816 700
77 120
632 305
136 981
482 646
614 539
432 229
845 375
472 58
390 880
219 712
724 9
519 346
600 508
144 758
551 622
440 736
278 381
679 40
48 673
713 401
304 285
592 301
789 870
866 461
970 82
614 705
569 198
203 531
932 800
613 743
421 654
184 228
77 681
983 586
12 268
232 330
345 5
2 170
733 564
322 344
451 541
720 376
598 604
853 321
445 426
71 411
314 860
955 59
836 153
744 144
803 192
960 523
508 499
859 592
550 468
77 43
956 768
277 417
688 618
435 418
962 10
391 326
189 252
127 494
581 814
65 874
605 74
523 116
539 301
359 452
936 630
65 611
135 671
349 416
772 751
153 830
233 830
122 936
843 151
563 212
888 711
463 355
891 817
879 476
415 490
481 253
113 701
210 995
893 745
974 110
529 344
245 620
670 519
815 134
222 520
557 736
345 659
937 31
847 395
777 861
823 497
632 433
784 98
357 136
690 419
819 73
126 870
555 380
637 357
422 912
678 480
789 814
99 445
173 928
37 757
974 424
405 557
483 622
802 501
263 977
68 440
174 691
75 53
519 653
910 284
79 217
133 662
614 104
456 511
435 484
603 248
750 480
940 109
385 79
242 530
374 997
136 750
927 570
343 83
549 227
418 77
115 311
415 422
435 568
559 873
776 951
265 201
402 620
584 577
916 577
349 902
520 22
422 508
172 631
235 727
16 888
829 3
850 220
538 582
580 841
597 620
478 461
841 620
318 156
390 583
824 184
1000 733
223 966
907 671
578 990
931 592
58 682
547 932
740 100
250 212
966 827
874 987
575 795
239 944
892 448
972 343
856 244
665 779
552 386
253 147
29 539
15 707
131 588
209 189
840 242
399 728
173 451
753 850
444 837
246 303
258 36
674 340
363 230
770 473
806 802
336 702
257 15
755 24
984 213
107 858
407 707
969 735
572 471
346 704
883 987
170 608
308 449
867 231
446 657
676 629
587 194
456 989
211 935
910 759
773 985
555 285
88 880
540 276
125 959
171 384
784 915
179 697
481 60
119 267
162 846
15 592
953 216
508 870
281 126
281 834
333 979
208 222
758 28
511 578
563 837
524 513
891 933
797 300
774 188
646 164
668 419
986 373
114 936
121 163
628 796
435 879
255 113
411 628
691 415
431 996
762 540
792 814
303 525
98 862
10 373
761 120
314 472
813 214
50 399
53 259
910 212
954 143
525 571
213 595
861 461
749 320
619 787
367 654
264 732
798 446
143 166
792 524
55 906
928 226
929 822
341 690
987 11
715 696
838 106
272 487
704 343
628 385
700 2
133 856
838 672
748 450
26 23
537 221
239 785
794 120
339 475
112 563
486 799
205 59
916 571
680 545
172 734
319 712
321 839
465 841
250 279
406 399
232 324
116 729
18 143
757 130
983 761
224 522
947 889
687 235
790 64
90 443
525 617
849 36
628 35
44 40
556 411
838 264
217 963
560 844
167 671
255 666
978 556
949 612
27 356
453 496
881 847
683 876
44 985
712 502
613 669
376 836
905 55
108 680
568 357
577 109
116 664
143 959
960 671
931 306
385 725
267 18
349 480
404 765
414 367
980 863
839 38
92 697
167 40
238 316
985 916
602 112
959 469
241 960
318 426
984 456
689 996
790 458
792 887
168 711
207 620
338 692
12 802
702 354
893 818
282 339
562 457
520 924
134 192
564 399
279 382
695 757
715 16
167 959
620 53
448 935
726 190
608 844
295 604
875 483
396 392
960 108
555 662
720 321
764 255
493 986
115 504
718 251
656 168
678 901
814 193
547 469
496 102
132 840
286 789
316 213
378 318
51 910
665 288
359 271
19 703
297 514
698 310
954 927
115 291
153 41
32 149
867 963
616 947
675 114
152 899
290 938
473 362
670 576
394 616
865 101
273 758
882 443
897 974
712 639
5 750
233 692
872 464
168 792
147 466
136 195
793 349
616 741
252 357
879 994
87 975
272 397
359 283
75 469
288 956
93 860
187 469
893 280
204 815
646 889
377 361
887 460
313 965
167 918
185 529
453 367
536 751
25 17
730 634
93 845
568 350
943 118
751 819
149 97
231 756
149 508
687 787
825 173
550 607
135 8
823 584
561 172
207 309
292 417
730 509
299 380
230 498
589 523
943 937
534 646
85 124
572 350
134 302
926 689
900 349
886 879
478 332
304 236
521 700
633 916
642 170
448 387
639 232
786 593
335 869
273 238
314 863
768 417
698 86
265 431
291 278
756 29
564 866
943 487
974 50
220 963
590 130
463 993
230 953
943 729
801 360
25 411
71 878
102 909
121 658
19 492
910 200
74 100
726 537
246 293
604 732
50 206
898 888
223 142
626 175
306 172
748 692
785 800
710 492
443 736
286 550
659 156
952 948
260 842
680 591
176 736
927 110
888 585
464 573
80 932
739 625
775 948
718 528
418 365
207 72
472 244
539 128
654 209
959 726
880 451
862 540
100 730
808 491
102 899
689 881
358 720
461 334
43 847
603 800
351 495
619 861
710 225
209 61
186 921
511 27
794 974
438 104
83 235
656 475
791 59
42 876
896 888
581 59
742 696
503 523
672 293
680 392
854 146
683 266
939 276
309 154
940 772
563 882
466 681
997 77
813 846
433 402
211 195
464 858
121 962
130 947
874 763
440 145
316 60
619 626
900 390
725 693
99 59
437 105
293 431
109 659
887 684
554 355
788 695
197 682
198 794
399 587
2 939
587 864
292 130
550 347
899 639
279 514
279 627
268 457
782 935
536 755
521 724
488 486
85 142
211 234
653 156
432 799
588 284
109 413
643 861
73 358
16 603
870 20
341 229
632 953
10 469
222 27
901 985
925 834
466 66
124 709
367 364
516 441
735 274
610 758
12 258
565 689
159 353
680 924
444 308
103 599
46 333
610 837
45 145
467 359
562 716
945 433
