579
529 507
296 131
458 332
313 454
139 113
193 414
176 87
96 103
505 470
239 190
294 76
167 75
17 299
132 34
391 391
383 21
530 459
391 566
391 287
392 27
316 570
380 307
91 174
103 51
476 433
20 384
36 345
196 225
236 276
161 373
40 470
440 138
189 548
578 72
181 77
526 11
432 91
191 523
46 349
515 213
513 133
343 316
423 172
177 396
571 239
61 386
475 291
25 84
464 92
375 108
172 238
24 357
185 454
156 266
222 493
226 139
430 2
564 161
458 516
555 381
97 545
291 350
387 73
5 529
525 484
180 24
328 513
43 17
13 483
80 534
550 31
187 189
501 477
334 140
573 518
30 497
248 552
274 201
180 38
283 466
466 129
262 47
84 277
83 188
470 18
450 85
74 492
325 12
384 340
244 472
438 342
425 266
13 423
303 506
539 477
422 337
485 86
470 112
116 558
524 282
474 264
434 159
377 338
540 463
499 173
572 285
2 366
152 74
379 515
523 540
433 29
472 387
503 192
386 179
139 46
277 500
337 172
17 270
29 247
305 170
430 478
411 463
176 191
50 39
80 32
531 528
536 130
111 241
526 186
574 163
532 364
573 404
324 389
395 314
494 231
528 287
482 191
527 346
486 542
209 347
39 311
420 279
309 103
252 44
144 573
226 100
127 443
93 233
357 283
421 558
140 342
120 161
315 209
349 282
235 217
252 560
553 452
518 75
324 576
171 577
385 555
397 543
255 363
256 231
485 192
520 74
186 145
51 363
265 75
463 551
137 38
176 352
178 561
44 117
305 462
120 252
181 464
132 431
369 531
503 457
518 12
42 188
399 144
458 369
335 561
521 286
446 359
283 13
318 137
306 568
219 575
40 562
282 112
286 282
2 529
537 64
172 549
126 249
476 98
362 451
260 512
146 174
171 13
368 332
129 23
117 363
184 475
406 550
131 46
73 168
513 201
442 242
40 575
246 444
135 180
304 172
326 113
89 205
414 180
223 155
147 231
96 143
509 258
151 337
453 2
99 375
110 187
522 554
51 227
268 449
487 104
106 364
411 473
261 243
45 41
332 415
294 364
200 573
71 321
244 377
555 311
201 273
44 96
4 74
527 80
225 553
165 447
553 324
340 537
195 5
259 8
372 7
49 116
238 319
577 28
121 361
186 261
244 139
119 421
417 448
429 118
545 115
73 218
297 568
183 151
415 535
32 83
561 344
354 182
390 39
385 368
91 171
386 435
53 552
472 454
83 206
361 577
3 406
175 408
32 228
165 227
324 509
173 104
173 560
286 352
124 27
421 273
454 338
443 491
496 70
158 550
338 482
154 530
313 384
573 453
89 262
1 144
264 508
143 398
484 541
27 37
366 5
115 344
246 464
224 579
165 269
449 475
84 340
397 105
169 82
402 276
158 23
374 282
313 323
477 543
420 533
447 20
2 36
347 222
272 16
18 553
466 269
558 341
166 491
394 62
311 244
244 267
176 210
62 307
576 446
458 502
229 252
379 235
457 59
121 39
395 553
477 117
264 413
103 469
496 410
173 470
284 181
42 384
296 502
517 204
261 259
123 51
398 115
376 143
532 121
149 157
233 566
228 242
81 458
171 438
570 549
46 355
256 322
282 19
518 345
320 329
361 97
6 375
45 5
270 21
349 527
124 568
516 202
552 457
349 153
448 330
417 227
129 55
134 136
262 551
136 90
181 15
512 289
401 505
238 100
133 28
383 276
128 57
124 262
278 281
379 545
547 343
235 579
255 187
189 470
97 210
545 410
351 538
1 118
473 489
193 372
498 207
143 181
408 569
425 522
554 199
517 190
15 367
341 388
369 328
288 297
516 389
206 390
25 562
171 325
475 579
356 379
336 260
474 408
499 533
119 219
58 44
283 388
501 288
382 469
20 546
545 152
105 85
176 196
542 51
166 15
561 506
260 63
450 63
138 158
170 17
107 446
71 478
75 83
99 357
341 514
386 297
102 68
515 510
78 111
561 60
249 509
86 208
570 409
523 166
355 523
41 452
123 556
154 364
112 449
54 374
63 520
236 219
355 393
410 260
446 174
177 97
94 367
529 417
46 398
575 122
188 27
6 47
211 392
558 431
191 399
182 323
430 236
262 45
274 124
41 388
176 95
441 166
126 274
557 476
54 37
319 311
49 498
333 79
298 280
418 61
1 185
464 440
512 364
351 274
274 220
145 372
106 126
507 218
45 507
419 301
198 95
92 91
60 274
82 458
409 104
77 375
572 165
343 282
99 454
452 367
541 284
155 183
29 279
69 180
15 109
219 479
421 491
114 440
107 153
153 175
462 536
546 477
84 515
470 224
89 149
567 534
366 271
59 424
212 356
253 158
449 452
480 533
393 241
234 148
189 367
11 220
386 138
375 507
480 291
230 112
22 169
115 576
161 279
342 529
380 469
70 548
424 393
18 293
452 250
288 185
288 544
166 416
140 11
44 561
66 36
36 89
276 489
70 541
59 192
244 319
369 76
325 54
375 448
286 353
144 531
77 68
253 130
340 161
112 199
405 278
109 98
413 130
232 337
127 81
401 465
163 135
70 344
77 344
420 436
529 77
410 425
358 228
544 339
257 18
168 531
107 165
155 211
281 274
