447
19 69
106 274
203 303
437 260
327 61
17 50
251 57
215 25
419 407
288 58
162 82
212 415
175 1
387 185
343 442
234 110
65 399
138 306
333 75
282 32
314 299
129 396
412 282
54 423
301 109
205 257
131 69
178 127
173 69
301 313
159 98
271 139
181 361
256 55
294 362
314 278
422 398
257 184
419 427
235 111
377 202
309 46
189 309
234 350
184 161
60 213
111 236
380 1
226 430
64 447
352 157
288 191
212 137
105 117
445 85
247 192
331 3
285 270
404 137
226 396
375 237
167 346
420 127
383 402
102 36
96 440
132 375
22 143
249 180
418 319
353 42
140 60
446 155
86 228
221 436
310 277
138 350
118 438
305 137
391 9
125 187
160 131
393 11
301 418
406 23
390 252
147 21
442 362
49 99
97 82
258 14
329 291
319 73
258 429
204 416
71 343
56 112
109 216
316 425
343 180
334 8
154 63
12 311
371 32
197 226
137 323
240 357
290 390
178 142
317 100
51 187
56 89
155 358
1 33
171 83
23 66
420 351
375 103
138 155
205 292
169 126
316 326
179 408
174 380
302 283
175 364
212 113
11 116
74 2
361 447
429 52
8 193
18 262
351 241
162 327
219 201
144 441
271 211
248 160
232 342
119 428
429 398
411 31
413 202
371 301
298 153
407 104
169 28
112 270
116 130
60 179
307 141
181 262
330 311
212 380
259 179
37 164
288 407
312 19
201 286
67 345
65 194
5 191
69 403
83 182
272 421
213 190
320 393
122 273
266 43
302 74
2 73
212 386
379 372
187 341
87 349
46 243
291 267
223 137
226 305
180 135
282 423
264 411
109 264
88 350
37 165
86 305
244 78
185 262
236 358
425 82
52 128
12 166
84 143
61 55
92 316
334 360
147 24
369 402
27 180
345 122
278 447
427 325
270 189
100 341
83 289
40 26
381 5
367 81
169 199
373 64
339 45
32 262
161 41
43 289
336 275
260 303
140 367
436 17
108 96
95 24
81 168
200 137
370 348
233 424
192 276
404 255
314 419
250 436
175 295
38 226
264 279
256 397
288 388
415 271
141 188
163 205
108 38
115 134
56 367
374 393
135 34
314 307
24 25
139 372
103 12
439 126
329 87
246 219
359 357
313 140
209 110
412 429
434 318
156 440
35 206
34 443
109 130
63 240
26 40
357 238
205 388
308 212
132 417
406 444
238 124
236 35
222 438
154 232
47 107
61 351
357 159
245 245
306 84
403 304
329 55
28 200
408 352
343 344
183 402
217 305
338 67
152 155
99 342
10 28
329 319
146 93
90 105
77 438
378 383
66 310
393 417
187 348
50 330
9 394
223 45
291 258
351 162
201 370
166 222
211 124
104 64
41 337
187 7
47 438
385 430
56 172
21 255
262 238
82 138
46 16
442 195
16 172
313 401
341 407
425 57
300 83
177 382
160 444
266 1
255 280
422 377
36 296
297 75
341 3
190 122
97 192
399 446
199 178
423 187
306 368
96 286
267 34
155 290
391 429
280 253
180 40
256 233
382 254
215 327
47 90
224 170
214 413
115 434
208 72
375 349
141 181
247 140
28 245
249 104
306 18
187 230
310 317
301 199
217 108
434 294
255 121
271 92
170 136
161 416
435 7
93 262
445 182
416 60
217 217
97 356
345 24
303 208
173 343
227 301
15 170
73 218
13 418
18 251
34 8
177 155
293 175
149 266
408 319
368 21
398 357
144 145
339 335
106 385
401 144
56 241
323 148
90 286
207 315
177 18
427 429
250 82
230 319
116 139
250 347
393 302
11 301
196 101
149 207
318 224
82 389
183 408
122 60
193 112
272 33
204 301
369 80
315 251
346 104
300 379
423 223
139 67
360 200
408 130
424 120
26 99
263 133
118 49
440 315
298 32
28 339
125 128
128 231
112 413
254 34
381 238
133 73
439 288
56 156
161 426
364 51
214 346
405 314
343 27
281 424
169 75
5 18
129 157
375 428
399 30
335 349
171 227
391 274
79 139
404 148
164 177
93 79
