1000
11 950
278 854
929 129
147 403
699 875
472 610
789 204
690 974
901 477
76 26
406 799
362 814
152 59
101 88
53 301
293 998
123 468
251 929
368 192
630 525
931 556
489 182
570 741
994 888
582 991
750 369
340 455
195 743
909 977
595 702
76 774
911 930
225 470
598 157
827 43
638 786
699 842
900 864
172 891
150 402
192 495
875 304
774 458
285 107
929 770
419 279
628 970
803 345
235 417
569 740
9 292
548 13
503 763
742 900
867 471
970 923
192 175
515 517
79 860
933 257
233 67
810 744
825 558
46 261
978 320
29 211
569 393
504 628
703 462
458 541
865 609
260 752
214 149
485 326
156 625
287 542
423 689
45 499
28 73
432 326
776 517
278 867
30 725
48 116
828 134
468 556
667 951
660 569
396 141
812 281
774 319
254 917
451 138
95 464
874 816
864 866
202 534
812 453
263 816
802 965
394 164
519 292
925 109
557 470
144 593
305 136
906 802
303 409
775 119
814 753
753 862
459 652
412 607
783 366
871 120
333 621
68 479
649 73
212 126
491 833
119 175
690 565
445 414
322 630
979 800
54 605
774 602
39 971
115 47
98 20
30 5
645 769
426 61
595 534
33 648
943 876
140 561
995 117
73 747
385 555
92 742
628 606
109 598
212 203
903 698
87 885
767 820
524 801
600 163
355 227
326 409
808 286
324 433
910 227
247 63
688 696
489 316
130 760
854 136
668 917
497 670
705 202
29 248
254 96
790 421
964 111
847 160
855 221
213 674
983 744
792 146
14 959
237 437
237 307
996 886
864 285
592 914
596 732
414 300
277 128
494 679
947 243
359 659
331 877
272 485
725 328
638 904
690 491
575 684
847 727
113 289
7 85
710 572
820 791
428 605
764 187
173 11
957 527
889 249
754 410
288 464
255 565
369 36
807 818
895 123
509 934
100 194
26 379
592 762
766 449
83 910
334 303
998 460
376 344
204 753
461 60
518 270
321 847
1 184
719 66
658 613
785 605
35 646
907 261
810 594
564 989
141 922
416 418
434 380
814 785
94 830
334 625
619 213
868 638
879 968
790 788
706 191
469 737
408 180
636 649
678 493
428 101
79 783
713 555
702 119
525 941
423 273
778 234
750 996
969 473
535 113
792 198
911 124
305 140
491 944
375 930
821 296
87 218
59 56
85 621
694 41
476 84
463 610
880 664
72 875
274 540
260 787
615 525
741 430
914 631
106 938
125 652
728 927
6 167
352 273
558 955
614 686
549 531
839 351
466 93
900 53
946 483
786 664
161 76
307 917
284 941
455 245
966 684
767 791
430 95
664 442
683 850
408 981
501 619
259 561
416 951
799 589
367 176
804 589
640 232
345 599
502 570
209 999
433 652
182 807
463 417
725 679
705 643
614 313
900 527
857 404
762 415
195 98
605 52
370 594
82 362
369 914
800 785
593 198
291 497
641 974
868 50
883 874
283 963
796 534
22 484
529 48
372 828
217 903
116 449
724 593
629 145
784 385
367 455
226 164
1 404
801 302
500 809
276 877
288 828
302 577
737 85
779 512
239 311
735 92
665 113
822 145
93 678
809 566
29 179
925 285
121 436
725 986
711 721
11 341
21 553
694 558
725 697
515 101
478 606
43 816
352 116
745 494
809 882
601 951
270 39
463 822
260 140
462 859
38 846
683 198
292 674
863 820
919 15
407 939
622 146
590 461
854 537
568 524
484 841
673 676
416 512
962 444
215 61
106 282
635 156
447 819
839 744
544 654
118 759
309 360
33 437
597 956
191 900
41 596
162 235
186 687
84 721
775 222
848 379
376 134
125 983
831 866
220 266
569 107
676 133
184 210
551 798
144 550
837 441
260 417
702 126
458 155
154 603
795 806
290 580
982 112
299 165
32 642
266 312
157 931
247 186
460 408
191 552
89 8
545 526
330 379
709 813
343 917
253 465
304 149
702 674
951 480
632 486
150 966
629 871
93 996
870 919
222 653
120 199
450 347
674 892
99 670
984 779
772 406
333 276
779 803
931 766
83 554
180 825
593 567
300 558
858 745
535 146
298 975
785 342
17 831
151 508
323 830
304 838
734 256
204 240
213 495
767 709
54 354
301 12
246 682
752 677
846 782
503 419
140 107
149 655
832 447
363 254
474 243
205 910
480 776
45 18
889 453
214 302
878 685
566 128
184 4
326 540
435 700
934 706
14 22
589 661
978 708
52 298
610 512
238 267
639 83
242 356
484 693
751 75
97 459
533 814
197 757
88 331
897 122
430 600
542 737
665 976
208 428
263 469
674 70
976 978
727 486
838 622
758 832
508 292
251 869
490 939
993 677
102 664
107 79
635 162
862 43
327 526
959 4
618 124
963 880
374 557
414 118
206 592
154 944
286 376
285 752
984 122
760 727
273 393
220 314
236 162
208 707
522 297
590 95
69 418
631 161
536 641
135 244
477 580
122 723
623 536
126 570
810 901
155 486
693 361
155 348
677 129
243 566
768 690
173 700
994 720
440 840
15 249
80 887
302 754
35 702
857 661
170 889
916 610
165 416
52 494
633 263
888 220
40 974
554 449
685 32
608 103
703 994
815 387
957 687
601 644
211 651
232 778
583 376
939 392
513 374
946 92
840 250
652 74
495 741
964 943
880 129
177 142
273 766
961 75
633 863
782 130
55 784
82 744
49 782
854 471
475 878
304 171
434 467
182 544
158 8
250 728
578 119
154 447
69 635
81 424
873 204
393 290
461 210
732 224
687 16
27 906
238 537
445 721
343 505
195 190
866 6
280 725
226 41
103 607
358 580
181 478
285 367
360 426
901 136
919 332
210 354
327 912
230 252
983 164
58 844
749 526
478 749
379 854
544 75
287 912
742 965
686 139
137 157
812 619
424 836
293 473
854 542
442 711
722 826
831 843
107 164
765 830
632 344
39 918
483 370
38 270
796 16
250 577
138 159
585 675
118 149
350 962
842 683
630 719
962 450
373 244
99 707
718 545
307 138
537 459
536 769
171 184
204 76
963 889
444 897
897 257
944 502
752 484
26 69
70 11
574 922
161 739
147 624
787 107
806 805
148 597
346 125
142 839
713 319
993 850
594 311
856 908
567 498
57 443
657 184
420 537
829 578
564 161
417 757
641 633
137 419
723 488
32 484
367 704
419 257
909 601
195 664
557 451
19 418
436 357
487 407
831 98
892 977
857 996
231 541
874 380
366 302
671 439
30 21
301 425
894 3
995 76
56 612
7 318
41 215
30 990
779 229
714 424
799 516
943 152
84 626
493 647
120 658
668 807
244 452
917 171
298 985
961 703
107 588
124 214
200 339
390 238
286 822
730 758
983 985
349 893
377 668
860 185
692 93
362 213
314 583
21 426
545 932
944 659
843 247
675 603
802 782
625 118
355 747
922 557
971 446
956 373
160 820
481 324
900 63
793 202
150 4
378 415
301 682
776 123
994 617
217 555
964 234
183 491
441 157
208 477
7 374
652 854
218 107
586 792
931 204
302 228
871 7
250 243
992 632
285 704
630 918
742 804
760 148
223 536
437 214
19 964
482 989
732 934
315 581
764 487
526 577
371 280
314 832
989 405
686 694
24 321
130 393
171 471
145 682
943 25
91 969
883 243
119 271
227 52
63 388
22 150
407 203
418 53
849 894
61 321
891 673
842 953
999 59
646 950
995 36
57 803
207 140
629 66
71 244
727 371
418 880
118 466
839 20
125 960
689 806
999 468
704 535
201 133
140 684
431 872
465 177
444 74
103 633
564 350
867 327
826 456
617 698
85 932
468 226
863 98
804 467
295 539
908 442
662 889
665 985
599 892
923 309
891 468
250 168
725 930
487 737
307 721
946 828
499 897
495 429
330 306
238 283
856 835
210 493
370 849
852 198
103 191
526 312
148 134
397 101
260 921
105 212
771 924
984 165
267 216
985 225
585 740
241 783
775 19
611 804
479 183
752 556
207 9
739 107
190 260
100 913
490 625
711 674
212 935
21 411
89 502
978 59
379 756
139 467
984 940
579 365
305 986
360 968
7 872
439 778
219 962
110 924
228 640
357 678
893 899
350 587
29 4
445 741
603 668
692 872
709 423
924 106
968 796
748 379
215 68
929 722
817 611
196 82
90 710
123 518
912 190
234 986
214 484
332 120
172 796
852 642
441 334
901 812
198 625
315 677
657 663
947 169
436 161
217 753
1000 332
182 456
506 494
846 385
704 643
598 263
374 785
456 432
871 612
268 680
300 886
640 640
31 763
784 936
330 918
678 136
672 705
43 311
106 798
868 552
1000 159
79 77
168 418
630 473
454 978
28 336
613 867
342 731
871 449
404 530
440 851
898 485
152 866
363 877
431 422
799 633
192 989
529 709
965 252
36 306
240 349
648 47
799 414
818 201
217 839
896 553
215 684
827 981
74 894
635 616
920 366
142 235
177 978
27 425
386 644
67 739
910 407
549 793
380 147
12 34
409 106
108 943
837 845
681 626
530 551
751 132
815 873
635 411
572 389
497 664
884 513
