1000
352 235
24 970
532 433
36 752
14 682
325 309
799 515
241 69
590 364
191 17
159 345
1 72
184 520
314 243
805 999
123 858
277 581
289 239
122 321
728 287
69 964
354 156
314 579
987 507
90 105
465 631
88 143
646 509
315 309
339 36
263 871
399 16
735 265
156 459
95 43
172 156
756 249
737 633
658 944
773 775
7 871
215 623
108 674
447 599
280 5
796 909
719 743
802 854
675 42
960 134
260 488
920 499
347 615
802 962
775 13
805 279
992 534
121 654
269 387
443 688
125 927
831 495
747 269
292 533
452 76
628 103
969 914
199 837
231 239
782 507
104 384
301 267
961 962
320 266
126 998
664 577
137 534
791 236
575 465
447 390
701 515
823 134
271 554
722 114
26 124
253 360
91 728
998 331
633 108
327 395
689 487
265 865
393 349
524 486
886 216
693 634
638 65
182 979
392 223
205 77
290 263
291 258
482 677
602 147
262 77
20 376
623 974
237 687
42 615
681 306
552 870
799 150
446 928
693 552
930 427
823 684
358 519
716 30
592 61
189 925
536 402
346 155
885 187
656 490
440 906
819 429
702 648
438 364
583 990
427 394
385 874
469 844
543 758
733 396
303 173
408 122
732 731
648 742
471 818
375 953
643 323
224 740
483 849
17 406
256 131
528 58
837 179
570 622
565 946
399 62
892 647
347 842
331 231
478 737
813 285
88 659
933 250
312 263
206 620
521 761
730 401
546 64
337 304
102 6
655 281
883 455
333 804
368 113
926 177
125 965
202 853
625 694
434 324
996 803
789 491
311 830
250 783
612 51
702 6
353 900
595 125
133 76
530 365
51 9
905 130
806 868
783 574
247 573
652 598
556 205
42 263
493 649
772 400
529 176
44 30
988 19
177 325
369 715
384 195
812 554
981 290
726 375
267 712
540 932
70 291
417 459
669 961
868 114
107 299
13 551
546 951
543 935
846 345
355 575
566 153
705 75
672 738
449 814
75 765
921 590
684 342
490 319
363 776
396 562
37 643
874 811
240 745
154 340
794 81
20 77
107 950
88 496
696 448
631 298
928 699
171 878
474 845
46 364
948 260
939 178
282 576
711 798
486 97
797 933
445 322
39 306
7 524
195 290
717 918
120 872
315 709
67 511
330 359
819 738
491 741
959 310
829 196
861 371
234 995
239 965
276 140
938 723
318 779
185 660
910 634
524 366
899 446
872 500
975 270
854 271
259 679
433 199
644 429
903 812
769 129
341 541
80 792
370 550
226 491
177 117
435 379
666 790
601 404
746 697
607 952
455 709
812 765
938 664
806 474
314 268
371 563
75 11
694 256
789 212
389 408
163 233
534 866
48 513
404 66
718 321
348 201
143 192
487 162
12 642
233 15
274 936
333 349
365 427
163 742
668 889
909 464
790 429
148 77
849 721
418 411
371 810
130 881
24 611
366 189
139 164
337 990
208 882
777 602
669 672
501 965
340 60
372 558
856 40
208 25
30 358
669 389
929 371
469 216
449 329
96 484
956 722
217 812
551 995
642 830
994 493
705 795
755 267
2 905
105 364
78 826
742 742
761 262
737 422
469 850
831 497
419 449
416 377
406 162
626 293
49 506
733 368
688 746
590 774
175 386
186 563
77 273
226 422
51 501
686 328
852 456
133 425
585 134
516 748
813 399
47 670
893 383
824 825
188 254
208 292
586 883
724 288
661 436
747 448
971 971
169 837
153 920
289 309
522 115
417 712
782 415
643 508
611 63
931 273
844 876
232 392
176 656
440 933
903 279
390 377
581 741
518 306
708 119
950 114
888 132
254 576
126 723
947 418
383 201
518 239
346 921
978 458
141 758
635 344
46 618
882 367
861 638
323 454
181 36
96 976
154 187
911 735
839 501
136 424
585 271
858 123
728 708
278 777
178 592
364 101
606 580
492 768
665 121
28 109
941 204
576 60
670 204
44 631
705 779
221 649
192 509
430 340
48 828
332 227
351 798
760 274
303 918
965 329
546 591
341 572
74 860
422 273
305 6
528 14
695 486
235 979
659 478
451 746
627 805
279 807
526 896
822 754
52 546
695 98
366 328
419 67
374 826
404 33
711 206
963 329
875 316
354 48
828 8
328 783
954 664
774 521
300 443
564 841
778 277
24 583
803 863
810 143
664 117
555 321
448 431
711 180
700 957
856 840
289 730
602 109
659 522
163 680
925 78
45 128
605 81
869 735
806 836
915 825
99 574
751 611
902 22
557 371
666 176
787 714
332 542
932 642
26 882
642 45
792 990
142 46
770 735
764 994
685 215
440 123
567 168
315 762
530 137
915 271
741 352
649 782
853 791
96 619
791 18
224 616
454 232
678 868
889 102
451 334
208 746
412 221
904 173
87 480
255 57
279 372
771 504
764 770
936 779
289 109
115 308
970 486
114 692
113 997
900 842
49 689
407 613
636 443
63 143
752 694
169 523
2 882
384 857
930 985
340 644
229 8
743 693
11 267
258 312
532 42
944 76
60 785
273 205
846 350
312 927
779 352
873 766
998 545
334 704
361 175
970 195
473 900
701 875
677 111
597 637
437 110
328 338
502 434
51 780
813 595
712 240
210 712
479 230
867 997
608 392
126 479
584 970
422 639
339 519
230 561
617 855
26 162
708 779
549 539
194 812
751 193
964 669
270 314
856 450
669 549
333 961
210 894
904 182
724 778
470 200
378 911
732 852
500 829
645 274
872 628
891 633
462 556
853 121
908 354
458 603
621 688
457 983
452 184
274 524
715 998
662 224
976 820
923 660
173 573
188 474
300 340
973 99
344 173
313 533
920 438
488 383
282 334
434 468
934 470
682 675
478 595
775 591
878 752
708 663
419 437
401 496
723 826
373 654
724 548
212 911
422 637
460 11
339 842
364 859
533 386
539 76
249 580
778 912
414 648
725 891
73 214
394 610
195 957
37 882
410 100
671 142
643 28
979 9
914 330
3 3
984 258
588 458
327 638
479 121
827 628
378 550
190 758
938 319
94 218
948 578
800 447
766 256
291 434
588 247
800 12
522 592
401 118
892 567
110 848
171 878
830 767
384 899
288 715
850 418
722 336
628 841
470 658
556 142
204 294
174 270
530 600
955 552
204 730
371 91
408 293
1 652
434 573
310 239
664 273
168 849
621 130
122 414
842 641
618 569
549 276
860 974
586 173
431 910
271 673
671 559
600 201
935 988
555 957
736 809
134 341
756 718
539 779
549 923
269 819
581 577
950 832
702 193
144 393
645 666
791 344
833 662
949 392
878 18
308 636
623 172
132 242
554 540
924 625
883 210
319 521
642 153
588 647
601 79
905 420
982 946
627 503
502 293
421 244
18 987
386 27
955 138
831 617
805 577
147 291
348 371
496 723
814 674
948 238
501 388
785 264
814 286
826 829
246 28
74 25
828 725
256 384
590 430
693 117
898 313
868 411
899 102
631 141
420 550
241 618
201 321
491 938
604 491
873 901
366 912
781 629
302 262
795 137
941 464
553 10
466 626
858 354
136 697
452 225
658 624
887 400
793 650
758 277
941 210
162 533
107 564
804 188
993 655
355 914
649 413
689 186
142 387
16 886
111 67
509 175
132 158
328 113
765 859
225 873
511 139
680 819
496 341
979 69
254 428
824 2
185 962
716 971
858 592
805 710
820 426
974 961
418 937
666 150
472 812
446 597
919 920
607 604
968 232
303 8
866 861
536 610
123 801
376 792
111 280
59 126
165 635
794 528
720 272
688 580
262 292
218 604
942 239
519 396
550 366
612 876
718 409
249 313
893 480
676 76
158 905
549 655
108 292
364 985
74 942
426 484
885 279
199 526
73 646
59 671
424 423
989 8
228 284
457 427
775 451
225 973
218 410
564 865
57 875
569 931
277 633
261 64
792 447
395 433
523 378
595 143
835 68
405 647
979 359
56 641
664 348
909 278
44 421
477 118
292 724
214 964
150 305
570 368
774 781
369 632
691 135
489 552
471 519
72 176
135 354
392 416
801 776
165 357
360 109
153 239
506 577
855 148
833 821
861 169
414 63
493 167
292 871
110 247
839 408
570 886
507 849
397 828
249 598
697 253
416 307
799 306
785 374
136 792
954 912
396 936
293 899
224 725
287 671
797 951
622 641
244 830
197 737
945 934
994 170
405 192
58 639
513 318
283 532
859 342
157 799
261 879
774 415
520 543
360 838
137 869
273 370
669 295
506 315
248 94
332 768
707 507
398 210
246 680
273 460
630 562
89 739
557 127
107 653
980 922
412 679
770 810
294 648
297 651
657 349
357 18
267 55
231 334
717 412
515 537
439 44
462 53
48 980
699 220
247 646
485 200
330 326
986 99
688 485
326 234
810 529
756 563
757 478
791 397
738 667
186 342
538 190
89 235
479 44
949 328
693 534
398 324
212 711
26 458
819 744
394 722
959 226
815 565
904 22
584 962
830 228
724 483
69 316
112 83
500 697
888 531
680 138
603 889
168 417
61 530
855 722
146 675
970 713
776 735
458 882
944 886
