216
155 12
55 171
213 107
53 158
121 2
176 213
109 154
189 38
71 121
18 71
91 160
206 113
120 15
7 178
186 129
30 93
77 80
10 104
64 146
130 214
68 99
182 113
30 194
98 196
168 29
157 13
163 31
62 50
191 77
63 151
166 12
70 18
46 191
142 184
114 209
120 168
58 100
69 192
110 160
126 147
91 77
122 81
181 53
33 102
215 80
30 71
48 140
155 172
160 212
165 2
195 32
2 156
206 200
13 87
142 191
29 114
25 210
33 32
43 65
4 136
198 208
34 35
132 134
204 192
23 150
78 29
127 102
138 43
52 206
101 125
64 32
140 89
16 205
18 191
118 175
82 209
121 11
149 89
121 52
162 181
128 41
181 72
211 101
146 38
195 99
139 2
45 141
159 211
181 142
42 139
65 206
155 171
159 113
181 23
212 103
94 167
151 183
50 18
171 53
97 199
95 174
166 120
25 130
14 108
175 168
212 182
33 160
125 203
138 63
211 172
207 74
33 25
114 210
106 45
147 3
70 138
27 195
190 136
110 214
51 85
39 77
39 107
59 155
14 87
187 23
177 55
15 25
57 104
31 83
49 129
203 53
103 203
8 22
115 90
113 112
103 62
22 65
155 77
43 193
19 26
96 49
116 127
109 5
175 165
208 24
96 101
30 10
129 64
76 161
75 8
194 100
135 200
95 91
55 170
157 120
76 40
38 168
99 133
174 96
103 30
154 149
206 188
16 123
37 94
87 150
17 17
17 103
214 24
174 213
90 134
12 58
11 72
198 48
116 61
78 150
195 75
150 109
154 195
157 2
98 139
204 96
214 207
85 153
139 123
105 126
48 199
142 176
14 43
143 10
141 213
208 120
151 168
30 57
147 169
183 27
54 87
62 212
36 3
127 79
181 185
94 105
201 173
10 150
113 90
175 11
51 160
67 206
156 35
178 185
201 204
68 187
63 81
175 81
209 153
58 193
149 117
