1000
167 990
344 940
828 851
242 26
616 569
181 350
213 988
335 694
673 913
802 527
995 40
942 462
157 888
879 462
156 786
447 846
936 525
533 361
389 871
862 485
447 696
483 288
650 779
770 450
309 977
809 804
429 193
740 904
886 951
848 786
968 640
382 166
445 939
154 703
641 77
721 587
434 427
289 643
636 395
54 74
215 560
954 437
632 131
601 662
920 489
810 602
81 438
249 137
963 807
455 72
130 829
454 813
363 261
153 380
443 983
294 462
514 677
811 955
193 270
486 486
49 789
181 342
516 224
716 970
640 669
233 145
452 779
226 304
303 354
451 995
191 550
13 295
38 348
467 280
351 266
119 270
170 236
136 478
84 105
734 493
760 925
569 847
609 688
779 341
986 936
80 560
408 644
341 10
530 958
266 101
886 1
227 466
742 338
205 397
407 303
222 145
329 53
25 606
321 300
165 530
259 437
907 407
30 433
364 115
883 40
635 582
268 229
130 127
2 514
522 394
228 615
902 281
68 513
264 407
985 849
286 733
947 118
287 569
57 240
95 615
636 972
63 448
877 408
329 630
224 282
448 708
773 240
147 825
257 189
506 573
763 701
728 415
210 491
63 902
97 52
148 124
459 720
919 63
154 803
945 734
902 76
791 547
809 170
754 315
132 831
256 749
320 365
419 672
68 240
777 918
243 866
681 673
896 413
309 598
963 671
402 709
888 321
338 642
500 695
137 426
453 650
543 685
117 530
681 888
45 769
284 694
262 125
862 972
596 934
423 193
772 670
562 299
899 281
749 224
785 466
496 326
539 873
146 760
265 245
25 309
514 791
178 993
158 969
493 407
352 578
753 845
584 428
485 688
88 430
444 42
884 971
959 510
206 257
452 820
132 509
14 399
300 897
468 209
426 868
577 562
102 250
830 967
826 954
405 185
950 36
768 737
493 5
519 49
478 986
328 768
670 981
526 730
860 236
211 290
303 524
816 58
409 465
775 481
700 39
743 911
520 761
576 464
404 503
597 370
424 47
565 585
865 35
498 859
675 53
254 47
978 271
220 726
295 642
410 462
578 962
31 422
986 5
850 678
672 335
394 718
493 212
819 797
530 225
865 408
42 12
836 115
836 885
6 770
78 395
616 981
165 123
765 275
415 603
615 55
134 750
173 781
817 212
320 789
287 533
309 243
50 5
421 689
877 283
730 560
945 234
734 728
728 357
424 784
407 935
51 538
594 887
202 476
178 492
554 64
508 608
32 467
839 656
130 624
722 559
819 595
983 332
70 623
395 553
658 797
257 225
789 817
267 828
9 405
405 783
805 863
350 702
794 61
672 110
411 853
126 628
647 818
423 564
760 225
477 988
120 150
945 413
710 215
561 307
643 160
185 876
817 198
879 689
516 457
394 867
19 946
891 221
73 627
926 80
814 559
344 816
242 729
516 595
845 187
148 315
405 826
48 887
284 764
747 415
396 285
954 868
765 217
716 498
271 212
290 401
847 814
476 510
840 613
761 83
703 294
699 123
331 671
695 716
993 825
919 298
736 153
640 832
33 68
879 594
151 451
131 325
681 992
244 259
572 597
697 438
265 3
555 336
843 740
398 190
956 446
728 799
657 604
73 847
551 996
290 943
869 305
812 697
456 476
445 751
122 155
805 957
212 486
54 157
27 314
483 113
918 721
990 322
713 691
645 265
129 722
456 221
464 626
920 608
665 470
210 319
411 51
443 326
559 813
659 238
530 423
366 726
111 326
293 433
92 516
259 559
766 312
79 187
589 614
997 268
205 291
814 144
895 880
624 330
418 604
23 152
2 102
385 960
617 470
589 359
544 932
321 880
188 598
259 955
666 95
779 670
154 170
610 171
407 731
712 897
686 875
237 344
694 261
606 77
808 807
264 413
61 181
21 865
269 41
924 33
98 185
970 909
280 169
550 502
771 562
225 572
734 166
557 806
314 181
899 597
670 290
12 790
157 859
353 560
847 877
532 163
753 31
867 939
696 710
536 306
650 347
378 611
57 266
194 497
478 128
289 459
555 626
537 17
986 771
928 872
731 42
190 619
252 520
24 873
652 85
802 545
844 42
173 949
215 13
828 593
666 776
162 846
264 790
778 528
322 544
517 448
723 777
352 265
205 785
233 715
755 431
704 760
993 591
90 721
986 882
849 421
245 616
183 96
214 493
551 391
811 799
54 577
739 133
811 606
782 827
913 974
322 553
283 724
107 305
986 719
329 510
714 638
824 897
571 979
484 190
243 547
743 549
78 544
120 108
152 886
161 10
6 311
645 503
84 813
257 122
891 979
716 931
566 370
752 480
989 88
976 554
592 443
341 357
346 73
901 232
836 985
716 697
642 354
171 399
443 307
592 729
216 735
324 968
41 786
443 295
465 961
773 253
196 637
862 460
534 383
336 981
641 83
128 317
261 34
931 594
972 928
275 906
88 856
880 651
375 169
368 693
42 212
816 693
169 803
390 655
729 97
296 189
945 525
816 13
547 339
841 276
301 217
814 209
635 551
867 507
860 240
122 620
805 310
680 381
434 280
803 855
178 510
851 894
956 42
367 79
868 555
352 630
368 452
218 88
291 85
127 800
934 657
406 843
674 713
6 310
221 26
261 490
327 679
762 90
756 197
300 664
511 459
274 84
75 240
384 394
435 160
210 672
679 361
211 133
122 846
444 956
621 175
239 517
929 51
251 838
400 458
679 82
985 543
548 491
917 778
37 64
164 932
983 386
703 735
552 328
234 666
945 100
966 185
127 645
694 715
307 860
67 271
847 328
374 218
229 368
805 607
169 595
935 824
692 133
452 732
760 284
644 361
112 711
448 143
440 325
232 701
278 742
427 558
132 815
771 622
987 603
169 996
258 87
523 129
437 357
128 249
995 265
367 14
587 871
887 281
744 367
499 65
794 547
998 463
927 562
717 62
588 272
834 612
110 714
200 972
567 802
260 507
860 466
590 351
301 34
559 489
358 517
481 597
689 974
331 580
27 600
369 297
252 153
801 688
904 565
967 50
212 558
226 244
384 733
573 234
916 918
177 308
356 591
414 717
382 356
242 789
40 486
291 801
213 444
847 467
536 824
51 944
536 207
236 40
708 104
866 475
928 756
432 988
446 271
62 617
816 266
150 785
547 391
54 783
356 777
414 920
615 273
984 187
47 901
238 611
857 700
449 734
200 339
49 809
345 9
855 33
597 753
65 592
437 248
358 104
403 308
35 903
663 715
478 650
373 151
825 416
847 836
743 183
760 542
956 571
383 406
584 890
421 697
168 152
74 111
964 792
34 918
719 404
719 840
892 851
136 617
240 104
799 353
751 215
25 219
158 440
251 727
582 646
187 648
158 510
979 927
905 729
886 256
933 445
348 876
190 13
365 594
755 871
870 344
809 158
836 658
495 463
132 812
929 24
348 517
825 359
891 888
601 700
470 122
848 451
945 245
339 493
552 416
208 553
506 980
515 298
624 564
197 277
195 641
508 414
740 805
309 235
585 37
14 29
654 453
250 185
4 149
181 406
999 7
934 215
215 987
323 786
151 612
861 479
895 737
920 659
403 763
435 761
224 568
631 434
410 713
29 243
443 635
618 808
414 764
495 404
250 840
440 234
921 171
787 740
710 397
740 438
94 728
786 712
530 389
807 15
409 861
24 949
957 895
564 756
749 824
63 817
997 314
828 671
711 229
328 527
112 479
445 14
782 736
71 262
145 582
601 787
187 635
40 141
826 309
116 616
209 392
32 33
89 438
610 463
990 190
740 488
397 871
443 182
992 981
928 218
589 767
753 662
414 914
386 345
967 26
966 746
883 171
728 736
472 752
586 399
530 683
371 721
574 185
678 614
232 115
353 529
647 285
75 210
429 650
304 885
44 200
191 43
807 580
320 825
97 318
808 370
770 14
113 840
12 454
864 553
600 661
944 667
61 898
932 301
25 63
514 749
810 609
786 810
536 989
593 802
367 857
471 553
489 985
386 954
244 755
103 746
459 447
297 340
912 688
333 25
146 588
578 484
351 533
632 530
85 703
623 636
802 174
222 35
828 587
907 715
922 431
568 965
32 431
157 976
540 37
163 20
198 767
533 367
79 811
315 808
562 10
180 221
639 785
968 209
164 686
261 149
427 105
35 974
601 361
302 157
207 492
362 97
204 969
153 822
90 442
853 525
872 9
819 348
281 520
47 452
695 328
152 152
246 808
465 4
18 766
369 957
243 831
645 231
600 409
573 613
362 952
736 523
167 102
238 850
688 686
156 658
713 999
24 796
205 529
556 235
187 857
451 389
627 357
847 568
453 651
275 22
301 435
868 447
629 980
586 25
746 899
804 216
524 291
112 953
579 446
707 587
549 679
791 805
600 705
585 445
881 553
270 460
143 804
776 773
236 870
593 481
494 196
876 306
700 750
954 704
968 931
90 553
72 14
814 921
537 161
253 454
363 834
297 65
383 609
570 174
660 878
136 152
807 873
999 371
717 390
46 420
28 271
240 908
411 345
408 827
844 39
