861
344 501
723 233
687 196
601 335
260 668
351 92
33 48
717 339
82 743
618 843
537 370
608 580
838 625
392 322
841 82
611 263
748 415
302 469
791 703
737 421
171 529
582 200
264 712
649 704
21 312
772 350
573 143
561 367
40 360
617 311
826 296
647 847
809 666
646 540
206 860
712 374
267 650
362 66
812 678
506 541
396 816
490 818
854 56
731 561
717 617
611 687
849 106
851 432
555 142
661 727
499 418
626 362
789 811
615 716
314 249
824 432
505 698
525 56
568 53
527 654
201 249
422 822
437 269
809 722
208 402
70 522
592 288
487 737
565 724
465 603
711 639
545 271
597 6
298 534
432 233
548 146
606 720
497 396
673 298
112 656
290 598
836 790
421 411
519 22
442 738
112 225
459 389
189 829
490 507
734 626
568 152
10 341
746 258
685 707
446 613
7 513
184 192
829 338
417 40
537 127
290 640
763 699
507 89
555 175
780 254
140 383
105 341
222 336
294 441
585 460
310 488
617 794
511 808
571 773
648 292
94 305
346 282
117 624
7 828
666 312
567 345
668 209
750 465
245 660
802 692
191 370
559 161
276 138
409 304
14 728
469 325
573 548
296 268
425 42
95 41
753 774
256 645
682 831
243 25
653 68
376 399
135 511
369 710
370 215
299 731
701 254
626 729
80 650
828 861
689 527
119 678
442 567
169 373
2 727
749 236
27 349
7 7
234 824
631 455
422 828
38 345
342 379
212 498
294 823
687 44
628 661
706 622
399 271
368 407
751 325
572 377
743 848
276 565
324 642
110 793
244 409
732 633
306 186
462 838
297 432
789 848
296 146
734 124
666 784
555 653
678 555
47 513
111 116
618 723
784 172
250 693
499 550
584 576
214 624
328 598
299 775
668 37
713 329
740 292
725 696
195 814
26 533
473 130
618 354
786 129
273 596
422 467
338 832
517 778
807 749
320 556
823 197
658 781
38 407
238 239
799 603
650 580
94 283
222 462
724 128
548 693
722 744
817 352
100 548
114 511
387 7
195 250
384 764
415 431
859 477
347 29
431 765
580 205
175 501
758 647
552 315
370 64
683 572
610 406
66 715
615 282
231 606
583 115
841 179
732 600
852 565
504 741
6 823
467 662
43 68
379 243
145 212
38 171
159 783
113 222
510 296
542 413
139 196
427 521
561 82
246 537
785 855
363 726
695 161
358 5
747 621
221 516
47 552
120 607
758 662
643 291
441 791
553 47
564 362
493 59
363 163
368 321
175 481
175 748
569 513
663 420
346 602
260 41
659 225
755 709
550 683
819 781
9 258
417 22
539 196
833 236
190 152
349 109
136 664
518 21
368 437
292 288
68 563
547 744
359 304
481 608
573 770
104 794
794 4
544 651
269 645
111 145
535 505
658 671
363 124
301 638
1 115
363 314
405 222
306 602
594 229
216 787
55 536
684 136
355 345
530 705
538 550
188 562
340 660
501 837
738 216
659 475
755 2
810 736
589 511
859 740
710 427
72 806
530 274
8 52
182 135
718 668
534 112
261 618
261 444
729 437
225 318
762 307
310 94
343 661
67 497
825 432
708 832
808 792
321 209
504 798
648 748
597 181
600 246
389 654
856 644
440 507
318 720
82 165
473 616
483 401
193 65
710 510
437 646
148 281
445 259
674 237
711 672
796 402
121 617
361 308
218 436
235 257
779 396
173 337
384 646
541 681
376 241
729 853
164 450
785 331
589 616
723 543
435 310
216 663
312 520
661 590
74 300
167 406
671 605
477 36
620 104
161 702
544 501
105 491
316 737
410 644
821 621
357 557
406 775
642 216
603 278
362 216
676 476
372 767
253 678
124 841
43 210
152 742
361 583
767 771
794 466
340 590
469 388
272 527
715 530
696 72
171 544
730 82
497 575
696 457
625 458
217 206
317 153
735 17
391 439
597 307
436 229
531 625
338 433
293 52
77 433
410 805
36 742
732 58
776 765
436 297
713 153
233 501
324 274
742 33
485 317
24 263
722 161
736 427
6 85
267 267
333 857
436 256
190 664
778 593
309 315
396 795
410 607
486 195
171 211
725 304
678 576
164 410
200 573
452 382
286 722
310 97
832 137
612 734
309 369
253 202
837 500
20 434
182 776
148 239
265 499
698 119
623 540
180 176
163 553
446 495
170 54
190 90
56 558
572 702
408 819
286 646
30 68
248 702
509 42
733 346
524 553
464 78
175 436
624 514
19 448
763 795
779 228
259 594
391 607
727 766
561 633
420 329
192 348
687 517
776 844
711 574
706 114
304 221
196 323
683 711
168 196
560 356
804 389
588 570
53 629
490 473
321 85
745 674
632 268
242 749
756 339
50 247
185 658
424 241
482 707
56 644
831 361
115 792
286 419
854 454
325 153
377 13
737 271
429 542
86 207
719 824
717 418
311 157
784 225
406 806
522 353
686 223
722 352
179 754
208 448
18 730
239 772
265 513
254 774
522 510
559 834
607 537
389 294
558 354
382 452
320 841
755 26
499 701
140 741
330 325
612 489
377 244
770 678
477 843
241 802
633 780
105 752
395 744
493 401
823 294
524 60
801 561
526 379
211 800
388 801
749 359
394 390
820 206
564 450
47 469
848 665
746 484
719 699
106 496
550 655
224 667
62 387
557 40
127 679
238 619
65 332
575 197
204 806
327 38
407 380
681 110
787 746
515 71
22 207
819 805
421 706
502 799
591 324
475 82
143 316
676 300
11 365
399 261
493 332
736 461
190 288
8 534
482 270
766 595
24 35
333 644
255 60
521 537
250 48
585 841
16 483
141 200
95 104
833 846
118 301
688 742
145 584
290 517
368 182
514 24
265 278
791 111
277 452
730 253
373 630
813 815
644 381
34 759
837 482
708 435
650 802
293 676
813 773
210 693
132 773
572 404
440 683
374 334
26 242
491 408
87 326
516 483
811 811
814 454
40 603
415 593
471 206
64 41
199 391
183 727
209 609
285 842
5 22
843 647
259 496
753 366
419 387
13 693
158 399
487 645
429 636
486 131
533 36
859 176
617 447
58 39
118 321
657 814
435 353
343 117
150 116
483 839
282 691
281 116
784 56
411 229
791 575
460 521
413 308
856 772
406 177
743 612
793 202
695 566
115 283
592 171
120 273
127 69
9 498
591 183
319 167
189 438
726 66
348 734
781 348
600 411
147 471
316 612
133 7
613 324
214 407
314 505
97 220
815 6
152 287
600 319
796 567
339 434
349 668
316 550
70 404
745 212
255 134
808 729
149 761
600 699
72 522
144 26
501 255
51 415
776 329
353 235
173 458
397 52
814 576
497 574
77 134
764 94
530 851
726 300
42 817
216 237
341 483
539 159
798 132
809 146
414 513
634 237
272 776
260 366
543 239
411 106
556 576
830 692
591 596
96 35
341 314
391 588
665 85
141 804
752 654
752 513
265 94
135 714
336 561
66 767
197 757
104 77
53 655
10 270
393 5
315 424
372 605
21 761
856 261
207 226
240 620
727 861
427 671
28 559
621 401
253 563
639 655
467 574
455 205
536 78
610 487
49 239
48 399
584 225
220 378
480 86
471 225
724 314
308 100
526 109
417 392
524 591
101 123
605 566
824 720
69 559
760 792
44 365
46 603
370 318
298 806
477 682
731 314
51 38
114 411
414 295
263 126
176 359
284 330
60 647
236 669
823 726
556 702
643 535
112 789
593 285
513 811
404 674
206 802
791 206
475 579
182 539
663 618
782 703
269 672
205 33
228 291
398 328
78 192
810 55
682 544
351 513
727 757
828 801
730 833
6 312
90 604
29 560
584 631
480 519
787 60
525 145
503 437
647 451
830 706
112 573
397 575
644 776
394 686
227 563
265 733
670 397
412 722
145 371
228 678
31 402
244 171
728 254
