1000
693 991
39 865
59 866
618 66
498 345
529 172
982 50
340 207
93 134
597 560
692 300
388 41
519 771
891 182
25 758
479 301
870 175
352 805
799 641
1000 342
102 984
229 31
626 544
802 723
948 871
761 749
179 543
659 995
127 556
761 840
237 209
352 160
895 690
748 102
525 698
762 275
569 887
287 221
787 277
149 66
69 124
50 988
902 689
544 335
167 714
798 926
807 761
736 760
138 277
862 265
319 752
945 910
336 879
492 619
153 586
91 309
513 24
200 408
232 667
658 64
257 196
912 191
649 895
454 503
446 460
314 728
973 92
509 768
957 821
254 869
432 253
82 861
25 21
313 825
388 77
524 332
31 773
186 652
600 782
1 410
653 232
562 397
36 718
705 15
2 217
560 597
713 753
396 527
272 429
35 126
661 701
832 562
215 481
101 277
646 313
736 244
769 395
615 766
202 801
27 897
35 443
409 912
139 26
3 239
1000 875
377 252
219 774
364 104
639 372
381 213
975 238
213 850
215 852
370 47
567 532
337 231
186 197
203 131
322 572
948 402
212 990
189 161
441 160
170 282
226 791
301 41
752 28
55 557
336 810
875 950
230 41
49 368
247 739
331 506
581 74
302 988
879 994
721 65
477 601
916 669
673 684
711 528
819 593
116 302
968 56
870 729
861 130
380 589
521 361
570 537
366 169
108 768
76 100
397 808
924 306
354 83
202 102
694 21
292 204
739 140
10 587
109 843
624 695
920 258
228 356
500 339
563 159
647 324
211 222
285 69
800 684
726 997
474 881
400 57
69 955
767 599
839 915
475 17
52 898
157 216
572 208
1 32
82 143
576 544
198 911
779 985
549 298
472 624
915 773
967 852
399 660
723 216
758 219
250 330
118 543
750 872
510 727
502 419
945 880
592 602
824 936
393 336
175 459
327 619
916 878
887 488
250 543
519 318
865 27
20 288
269 776
161 215
905 156
274 201
226 5
141 973
806 443
722 199
722 696
536 748
990 792
490 784
905 804
597 498
756 548
418 103
637 627
430 767
145 381
24 495
151 699
278 238
843 447
824 908
104 470
959 929
920 11
918 627
404 766
402 681
162 112
29 676
859 680
926 54
290 370
457 242
648 182
218 561
548 944
928 337
821 375
413 642
574 398
562 387
291 876
812 8
549 788
815 3
750 436
178 788
311 34
337 328
482 528
340 11
848 995
490 297
964 54
501 114
569 407
182 29
602 387
815 737
497 98
79 233
30 598
341 958
32 919
871 105
722 210
441 307
760 860
580 329
328 84
232 469
690 704
649 187
607 321
486 559
198 260
14 610
409 295
519 414
634 21
399 402
420 741
997 876
686 990
110 837
906 92
398 803
873 954
424 115
188 22
743 766
309 915
362 368
660 564
99 318
315 902
396 557
263 542
187 790
513 34
292 213
886 349
729 582
87 184
460 652
293 910
798 419
62 691
707 409
665 738
339 932
338 350
183 311
465 397
808 855
92 627
320 162
201 931
83 104
399 686
148 95
9 45
736 904
90 714
889 812
167 301
624 824
123 54
473 588
177 347
33 225
153 301
699 436
899 256
626 402
520 32
785 989
50 155
366 780
112 168
880 314
891 591
894 741
982 555
696 590
58 784
533 455
701 661
745 722
214 319
207 22
692 977
230 543
71 704
531 314
536 457
899 752
346 811
589 723
917 123
472 205
179 111
98 687
547 428
251 238
804 407
12 878
688 839
253 565
540 147
112 446
224 577
70 140
679 306
14 665
372 403
267 644
50 869
481 149
465 207
265 978
356 252
786 715
867 174
168 382
416 526
753 951
354 527
835 303
116 669
594 246
209 875
136 367
813 776
85 61
241 623
553 713
800 984
705 469
928 625
772 411
962 659
368 953
935 83
436 491
479 949
514 250
680 928
84 662
327 886
556 990
352 121
133 508
697 528
460 847
512 504
284 457
242 920
115 860
939 464
653 32
731 891
323 248
326 659
217 736
797 539
907 894
714 122
756 250
307 368
754 425
300 218
355 801
981 804
694 526
580 323
501 437
748 208
697 630
900 285
845 169
628 372
803 99
763 681
418 575
947 801
222 896
766 216
745 497
685 800
528 287
896 588
366 811
847 656
312 163
76 969
976 14
878 742
24 136
972 896
273 439
638 723
468 427
714 522
911 450
80 956
658 532
996 512
328 575
260 663
690 929
182 413
107 23
401 708
709 992
625 281
453 375
102 230
596 919
78 633
462 691
980 355
10 35
702 180
211 659
467 582
992 169
28 232
993 619
335 27
296 879
233 367
184 259
867 773
12 928
393 674
291 107
34 187
990 420
365 514
300 622
874 504
331 815
522 456
283 564
207 24
615 323
410 379
669 717
885 912
958 67
666 553
695 849
715 60
653 290
534 151
646 103
665 446
896 542
180 446
625 784
643 629
184 902
264 462
501 819
371 363
594 372
172 451
584 546
134 300
989 843
595 183
128 292
205 638
522 389
473 746
363 763
115 742
143 153
577 205
653 157
119 456
140 908
221 529
545 50
59 321
703 803
38 704
586 26
41 821
427 168
397 954
26 374
923 14
482 650
34 662
904 113
652 507
902 712
982 569
283 477
741 791
677 239
409 820
224 275
41 153
924 135
527 54
235 534
367 375
530 677
238 917
151 766
848 512
152 245
566 244
388 756
302 707
692 449
33 496
941 214
741 859
972 493
475 235
603 164
584 215
437 903
20 20
371 378
610 382
928 875
808 857
431 412
925 713
771 36
677 446
20 510
673 159
94 130
486 298
534 711
729 218
512 564
168 166
399 280
574 508
726 634
843 568
249 791
282 520
145 62
464 559
375 678
486 291
158 474
552 715
257 824
340 615
361 495
705 739
472 933
644 309
155 464
359 193
981 652
706 679
212 832
986 684
576 314
380 749
897 942
508 218
347 458
370 739
960 548
475 529
901 212
275 841
963 702
590 661
400 434
14 41
388 111
92 689
704 264
816 503
893 528
224 200
142 54
463 874
745 902
785 60
646 316
197 996
972 245
887 834
865 504
678 108
151 406
395 401
715 598
786 224
233 802
830 602
125 370
988 880
366 147
108 324
295 173
328 512
297 872
777 715
990 189
910 749
771 77
606 895
942 460
292 385
484 556
764 518
84 159
425 580
69 562
569 397
130 338
39 847
85 837
216 27
503 123
764 81
950 399
324 988
611 958
855 491
115 77
755 251
218 912
404 935
138 684
574 96
804 663
323 908
100 980
941 520
311 152
353 343
755 777
329 340
325 138
6 225
483 992
210 307
922 323
44 364
523 349
287 983
160 377
999 223
862 932
318 47
880 584
267 585
112 118
632 821
495 280
341 566
972 512
607 708
498 611
292 61
288 501
354 220
56 204
963 231
904 176
312 776
327 810
377 687
834 605
833 276
223 279
578 925
659 5
987 276
843 898
589 385
379 304
499 64
726 336
449 59
685 179
979 24
826 180
254 991
16 208
104 632
366 554
186 397
380 875
765 44
191 420
84 885
578 667
903 872
963 325
64 855
484 16
305 643
261 374
713 818
604 680
897 955
900 125
461 76
215 673
572 349
961 500
425 239
85 313
808 273
43 910
378 121
424 487
461 473
225 376
806 35
904 983
333 225
923 988
815 296
628 288
710 719
166 410
23 562
344 472
193 774
991 848
432 948
305 821
535 714
662 553
776 882
948 919
659 468
190 591
874 7
803 921
255 492
959 632
255 30
418 997
897 744
690 429
693 601
688 599
88 488
868 762
120 324
308 870
446 506
58 911
690 907
503 897
401 193
514 440
325 729
849 698
661 317
872 116
471 149
638 63
490 185
905 736
695 392
722 97
987 766
433 653
405 363
645 337
577 494
214 623
735 832
776 111
519 222
536 238
822 641
451 903
84 990
592 153
487 450
316 673
857 515
446 385
296 383
43 401
509 234
852 289
939 884
851 247
433 904
580 109
996 587
393 868
416 367
500 722
830 260
235 153
426 186
171 970
59 899
247 622
879 134
894 301
19 42
157 421
678 110
329 986
193 825
560 932
675 902
347 691
113 494
99 473
75 110
661 902
483 569
92 2
995 728
385 832
192 994
597 688
727 508
97 605
292 427
278 436
299 963
752 255
261 980
328 141
94 477
52 639
436 604
560 721
316 708
902 334
244 186
906 742
83 282
941 394
912 740
508 635
768 349
101 665
873 385
333 767
721 731
11 439
90 34
651 712
685 257
432 192
363 441
731 813
710 377
184 631
611 173
852 569
299 816
275 957
922 301
241 402
435 189
564 801
193 328
587 355
8 711
890 852
29 64
997 905
832 77
241 698
561 52
251 934
279 688
634 784
462 478
885 998
821 54
78 916
874 22
742 256
318 568
182 835
674 660
483 657
412 126
569 417
278 55
297 298
10 223
819 433
908 484
892 223
975 26
846 866
514 297
290 376
7 277
735 468
579 401
353 747
389 347
922 307
11 721
445 302
315 706
519 550
868 537
51 178
464 282
953 998
617 729
658 882
770 742
766 765
43 930
183 276
