1000
692 693
741 742
924 925
97 98
908 909
979 980
382 383
923 924
731 732
581 582
322 323
922 923
863 864
217 218
227 228
114 115
319 320
614 615
918 919
956 957
79 80
976 977
209 210
595 596
661 662
483 484
422 423
356 357
426 427
843 844
211 212
424 425
240 241
853 854
0 1
490 491
946 947
589 590
942 943
481 482
188 189
891 892
888 889
858 859
551 552
206 207
477 478
694 695
656 657
333 334
86 87
239 240
593 594
663 664
801 802
190 191
650 651
87 88
626 627
723 724
563 564
501 502
953 954
528 529
921 922
189 190
599 600
89 90
441 442
132 133
787 788
512 513
393 394
210 211
177 178
91 92
262 263
80 81
655 656
898 899
795 796
715 716
460 461
264 265
780 781
8 9
4 5
545 546
709 710
26 27
948 949
433 434
681 682
682 683
515 516
202 203
788 789
358 359
404 405
218 219
41 42
573 574
537 538
451 452
449 450
415 416
575 576
962 963
644 645
857 858
478 479
161 162
536 537
966 967
456 457
284 285
508 509
269 270
703 704
799 800
944 945
748 749
586 587
812 813
500 501
176 177
606 607
418 419
782 783
807 808
172 173
632 633
450 451
381 382
969 970
883 884
482 483
442 443
296 297
518 519
931 932
260 261
445 446
371 372
30 31
846 847
205 206
862 863
225 226
529 530
425 426
459 460
47 48
343 344
690 691
654 655
698 699
765 766
301 302
577 578
416 417
33 34
403 404
874 875
53 54
823 824
417 418
21 22
77 78
312 313
131 132
493 494
841 842
878 879
683 684
146 147
20 21
199 200
502 503
719 720
521 522
637 638
657 658
357 358
503 504
677 678
238 239
716 717
535 536
169 170
42 43
583 584
775 776
467 468
144 145
466 467
860 861
19 20
789 790
128 129
252 253
608 609
837 838
897 898
611 612
560 561
244 245
272 273
505 506
987 988
267 268
361 362
645 646
329 330
974 975
850 851
355 356
24 25
786 787
901 902
113 114
384 385
168 169
311 312
635 636
44 45
430 431
290 291
410 411
157 158
831 832
955 956
816 817
182 183
995 996
328 329
753 754
662 663
195 196
256 257
561 562
367 368
9 10
978 979
201 202
200 201
554 555
221 222
695 696
7 8
764 765
902 903
674 675
484 485
3 4
17 18
887 888
245 246
915 916
489 490
666 667
76 77
865 866
912 913
397 398
602 603
78 79
130 131
40 41
773 774
234 235
316 317
617 618
625 626
630 631
532 533
579 580
321 322
55 56
299 300
216 217
591 592
872 873
243 244
485 486
542 543
920 921
653 654
324 325
376 377
104 105
162 163
954 955
792 793
619 620
82 83
933 934
143 144
307 308
894 895
691 692
395 396
510 511
125 126
475 476
178 179
458 459
154 155
997 998
549 550
688 689
495 496
702 703
700 701
717 718
111 112
136 137
803 804
331 332
220 221
965 966
876 877
885 886
598 599
596 597
648 649
704 705
105 106
90 91
553 554
273 274
907 908
911 912
817 818
628 629
736 737
562 563
517 518
115 116
92 93
222 223
263 264
185 186
31 32
259 260
158 159
432 433
241 242
49 50
945 946
627 628
601 602
693 694
396 397
523 524
868 869
784 785
777 778
909 910
678 679
124 125
982 983
279 280
981 982
572 573
152 153
215 216
633 634
54 55
94 95
687 688
541 542
365 366
149 150
398 399
249 250
235 236
639 640
730 731
287 288
446 447
844 845
139 140
867 868
174 175
873 874
65 66
506 507
388 389
556 557
344 345
360 361
428 429
166 167
732 733
468 469
826 827
745 746
564 565
98 99
757 758
447 448
180 181
338 339
155 156
413 414
676 677
735 736
63 64
283 284
864 865
295 296
401 402
839 840
558 559
12 13
783 784
998 999
877 878
461 462
514 515
699 700
797 798
386 387
85 86
204 205
889 890
675 676
750 751
387 388
672 673
399 400
647 648
300 301
612 613
679 680
790 791
51 52
377 378
305 306
988 989
713 714
993 994
642 643
834 835
277 278
474 475
771 772
266 267
926 927
866 867
756 757
963 964
994 995
880 881
710 711
819 820
366 367
960 961
568 569
58 59
133 134
196 197
869 870
967 968
738 739
781 782
101 102
847 848
641 642
470 471
74 75
342 343
854 855
778 779
352 353
212 213
947 948
798 799
465 466
171 172
851 852
509 510
590 591
706 707
116 117
18 19
943 944
779 780
246 247
236 237
504 505
800 801
516 517
840 841
134 135
605 606
600 601
665 666
822 823
226 227
766 767
439 440
751 752
727 728
668 669
362 363
35 36
811 812
899 900
61 62
443 444
242 243
498 499
762 763
733 734
759 760
964 965
309 310
646 647
411 412
813 814
658 659
59 60
696 697
339 340
950 951
539 540
615 616
620 621
304 305
408 409
870 871
350 351
50 51
150 151
910 911
257 258
334 335
326 327
785 786
70 71
120 121
48 49
219 220
43 44
670 671
720 721
686 687
247 248
379 380
175 176
392 393
664 665
815 816
117 118
916 917
913 914
213 214
983 984
444 445
412 413
770 771
184 185
327 328
805 806
940 941
142 143
758 759
438 439
281 282
479 480
354 355
689 690
400 401
828 829
60 61
135 136
810 811
487 488
138 139
170 171
896 897
772 773
45 46
574 575
669 670
297 298
303 304
917 918
533 534
423 424
126 127
270 271
68 69
832 833
414 415
148 149
437 438
497 498
137 138
623 624
767 768
934 935
638 639
64 65
353 354
22 23
208 209
164 165
491 492
359 360
435 436
119 120
455 456
258 259
38 39
1 2
587 588
145 146
380 381
852 853
705 706
153 154
607 608
697 698
173 174
576 577
274 275
67 68
372 373
394 395
228 229
429 430
525 526
712 713
278 279
230 231
492 493
285 286
555 556
550 551
755 756
214 215
939 940
935 936
347 348
73 74
253 254
194 195
571 572
524 525
941 942
27 28
405 406
588 589
141 142
192 193
760 761
81 82
534 535
667 668
127 128
261 262
469 470
729 730
462 463
340 341
323 324
346 347
958 959
203 204
160 161
609 610
538 539
409 410
25 26
724 725
375 376
83 84
494 495
649 650
522 523
363 364
919 920
749 750
335 336
254 255
440 441
197 198
472 473
84 85
604 605
825 826
427 428
320 321
102 103
951 952
838 839
845 846
660 661
452 453
806 807
892 893
14 15
6 7
973 974
280 281
251 252
473 474
315 316
540 541
914 915
402 403
776 777
232 233
928 929
499 500
742 743
543 544
938 939
990 991
237 238
302 303
332 333
431 432
721 722
827 828
66 67
930 931
23 24
370 371
325 326
552 553
618 619
496 497
769 770
310 311
980 981
904 905
743 744
5 6
183 184
390 391
108 109
314 315
122 123
570 571
937 938
970 971
62 63
406 407
32 33
622 623
167 168
768 769
971 972
711 712
722 723
975 976
746 747
308 309
233 234
557 558
968 969
569 570
369 370
292 293
106 107
288 289
925 926
624 625
385 386
584 585
984 985
961 962
957 958
875 876
848 849
566 567
330 331
16 17
972 973
752 753
882 883
463 464
420 421
317 318
103 104
829 830
37 38
949 950
824 825
585 586
859 860
895 896
818 819
255 256
112 113
906 907
989 990
567 568
548 549
486 487
457 458
56 57
842 843
952 953
345 346
890 891
488 489
820 821
186 187
725 726
298 299
507 508
707 708
129 130
436 437
616 617
140 141
791 792
900 901
685 686
526 527
52 53
856 857
761 762
10 11
861 862
181 182
36 37
684 685
163 164
932 933
629 630
728 729
187 188
527 528
610 611
714 715
881 882
374 375
75 76
879 880
996 997
448 449
13 14
936 937
265 266
434 435
93 94
421 422
793 794
419 420
453 454
643 644
123 124
336 337
871 872
796 797
830 831
671 672
833 834
351 352
734 735
708 709
151 152
231 232
580 581
291 292
809 810
718 719
621 622
179 180
107 108
977 978
680 681
480 481
289 290
389 390
905 906
754 755
2 3
999 1000
391 392
71 72
464 465
96 97
659 660
88 89
513 514
592 593
293 294
739 740
804 805
165 166
559 560
651 652
248 249
373 374
802 803
191 192
884 885
634 635
927 928
337 338
100 101
747 748
613 614
808 809
565 566
544 545
28 29
268 269
582 583
109 110
383 384
11 12
774 775
511 512
294 295
198 199
631 632
118 119
855 856
156 157
640 641
99 100
46 47
886 887
368 369
603 604
991 992
207 208
34 35
836 837
985 986
744 745
193 194
159 160
454 455
520 521
814 815
378 379
821 822
578 579
986 987
763 764
594 595
407 408
223 224
849 850
531 532
673 674
110 111
229 230
652 653
903 904
794 795
72 73
39 40
348 349
959 960
318 319
726 727
250 251
519 520
893 894
69 70
929 930
95 96
740 741
306 307
349 350
701 702
15 16
276 277
282 283
275 276
597 598
364 365
737 738
530 531
547 548
57 58
271 272
121 122
476 477
546 547
835 836
636 637
286 287
992 993
341 342
147 148
224 225
471 472
29 30
313 314
1000
34319260 93 331023013
46134304 57 168418143
591812220 72 781709394
855497128 51 665626074
911407365 64 518820512
853305297 73 769720928
297659968 50 549408547
915858622 49 534126063
847223873 95 556465296
473497465 88 530392093
847680900 1 636873778
223643675 33 142346886
365442151 37 301771957
709928902 7 660541979
846734449 75 216198766
105923492 78 529159682
25798127 65 315338930
50986458 37 960424559
435665027 54 558076476
39227622 87 826413864
400217834 12 576106480
22974493 30 222403170
720048357 60 272151708
145311104 91 850615431
204374456 30 428832086
822902415 28 400576392
806932042 36 627910781
368043892 51 218936102
38916980 37 809123301
288287165 89 535521984
877712341 61 273196577
984070249 79 792122401
403386741 74 973143101
45688113 4 365988589
411709350 54 231324722
610426352 76 944314453
466760725 45 154934023
191166322 86 868043693
194035451 13 150867041
486619100 69 894219365
803324913 59 452098128
513119311 14 830977525
856714339 97 694755080
533638927 83 801642797
86306094 99 364130935
766867139 40 586542400
387540806 2 826290511
833672222 85 391771639
839345561 81 732685830
10756220 2 997348796
531187548 67 210136674
317142878 43 852802971
477250757 69 538927686
918257238 7 116868992
144143802 42 638874787
136918779 27 787489344
322381166 78 923414024
295362956 80 627846880
24614127 35 720156751
767003006 42 698318913
695362172 36 876871347
8006797 20 406069824
371297291 23 567354301
926860712 33 103195696
36750404 73 852538240
220744968 32 796065997
65864381 72 643273585
157574054 64 997417793
18960768 55 727817099
285843758 2 957053925
140598296 61 129659730
540578340 45 666304152
119703690 48 937090152
578907242 33 338317614
964113982 52 930957115
27863551 92 888131696
195739840 28 864477171
464682892 35 860719791
723294057 56 676408617
217333666 72 429813241
249288650 54 695180880
518674509 69 842873129
230295063 25 107520604
25902846 68 963791897
977057093 45 899960000
462287565 34 494225929
397742209 14 490913279
86961392 30 468637436
198681071 39 949525464
227795909 56 865298637
229772657 65 441861422
800450095 2 387921910
917913572 55 855315805
587952358 82 531481303
13964160 17 511526247
52446269 47 894715084
599719509 45 721330661
56994412 75 586788230
132517403 1 624851651
239601826 78 211568909
897322774 46 265227987
234646157 21 153783189
904379058 2 957512449
42029594 88 527566148
630248449 81 211605505
85870106 45 632465657
26410203 46 633967016
246263159 94 918949848
400424568 59 588423783
532479448 77 846185500
365157253 16 930150426
770989064 69 569156357
437832555 42 643605664
620898890 47 356226880
128987252 88 961421890
865947081 93 885437411
623665415 46 288107113
670037162 64 302345582
795349238 40 632125897
829578990 44 750084779
376932136 1 751889054
36413775 44 986168100
392391981 34 465730534
120030093 28 533924815
474093499 8 881528269
274645168 13 332752567
823241939 15 822092843
256539721 46 525549295
859945472 50 757604643
400508492 31 355705814
723374360 14 680259333
473829282 15 290744631
145002226 22 185214324
750256126 21 197480732
217446146 17 365669061
383247185 53 260297993
888744391 2 509317960
536281208 22 136116232
204224938 44 765930799
723501465 47 146863246
567444608 50 977695247
624674445 24 530140460
581247453 96 208885314
951548202 47 329476855
683386235 87 462781529
917226124 62 558041879
492217351 100 356784240
755780523 78 728818708
345837036 40 780085596
143986462 79 278317384
356246136 56 614108950
800153598 66 707171693
327968480 6 999203701
938406599 69 366342339
845633154 26 153922851
147517855 72 635940455
553031717 90 549078718
362378685 19 255974822
712126365 78 616813610
910630106 16 412101368
389212302 28 946411794
443762160 65 311618259
519654347 50 469181986
916759887 60 755387780
791435693 75 310902191
510529312 29 666427766
266249125 29 182055087
885224303 7 439510113
969677344 67 791687797
155960245 35 543703326
811537071 39 440867238
982302728 5 901717647
835570421 92 860823884
971619300 57 717820294
249629319 29 354567483
901586316 50 535310559
643709885 99 352879881
383839447 82 363729452
752723047 4 241409961
461044525 90 190018334
814012914 77 876168469
43459805 54 499949539
284815447 11 787100269
598210373 70 866830858
274126234 76 626907557
908959838 56 416402700
903357515 99 335231831
790962355 75 825137029
801644781 96 226974021
823591908 2 934803493
493379548 64 658959334
57598674 20 527110036
761874856 78 907640362
458683037 31 671994335
653010747 51 135069877
676780205 55 951276375
229421599 5 184037286
697635221 58 150037436
735482161 23 943455564
341626931 34 596847053
209179780 64 781932669
228999362 49 189785677
899070928 86 760087048
789228082 27 696530125
193735862 70 568336278
502835588 55 369897139
215090527 72 489973417
782085699 27 433549848
793126618 72 202666386
964717221 58 978818721
669325528 54 582627206
709046638 48 183944663
457894815 49 523081757
185699131 61 349765676
495378685 67 181275949
993169534 17 718610907
341512931 84 983758432
329266698 51 360147024
873914182 1 860267078
943570534 24 985497675
64655605 75 197245051
713612337 77 760896501
353206417 15 563319533
285373064 67 479238315
676693100 72 280799332
876023662 53 232207886
480949986 26 931421839
409446120 42 708202936
338526680 93 722004551
677275029 53 771259071
869126978 50 772693995
983998949 49 240352139
675219507 43 459986923
363212511 39 988367701
720589593 70 432770855
281212695 40 417950504
946107503 9 606201671
263258865 4 418572984
347529229 10 209907836
732150735 45 309231308
278846512 12 811603774
63732190 38 662740334
959787281 43 318544264
444110129 75 679849999
170845073 34 730288832
324396724 75 365569271
719271909 8 470322218
75398284 65 656989944
141665713 51 712160838
531664410 2 552025106
135077099 86 956707519
875593777 44 361290601
830242413 41 790989618
899699476 7 823516182
43057959 68 939343364
889409425 95 786199072
647592219 45 762394636
257858471 86 214047615
162115384 7 859025499
150053564 43 162067926
438833228 88 633790139
504182137 76 337300712
76988888 84 766217835
325322934 83 896006131
718759380 42 961683699
953686891 77 808605407
385364477 87 461773807
513001539 41 240750925
586143275 1 545979008
444415800 74 510468582
9815402 82 549741704
940952021 95 778462524
190812776 87 171169578
427204332 16 929483513
919582772 98 288976393
538004021 1 529810652
824451191 51 380660480
232183085 47 553815694
876682718 62 710699567
956017448 0 546161123
309694625 94 817135756
977416973 97 712253398
503035087 92 960247038
303884546 44 230195282
311615171 53 270537206
207385008 84 250349932
604285722 79 597836484
595644179 67 225575297
619565293 50 172586576
856123796 33 243475419
700388394 60 989154094
688995317 86 797038403
64839759 33 631086269
843880265 41 297307070
518838220 73 491910631
824247459 63 290061786
727111022 12 556419901
904343998 37 307378740
357234919 54 328881036
194177568 22 128400972
293879608 57 927582200
209270868 98 592147631
216905490 44 919959530
965395445 77 571525673
102574910 10 350165050
943479187 13 189250857
709156680 82 773640458
480632834 84 449127504
828121053 92 316925085
899895709 96 687124906
699940610 51 303920222
188852450 70 680156472
639311616 72 273083636
644228756 57 425039994
22439675 25 322110338
207288400 80 702798241
362409835 38 856581499
608594487 52 725321889
742930085 56 753841259
408370406 82 302308956
763484320 65 514010967
642454815 22 374000470
69856245 52 233961964
966958799 80 743063798
604092171 11 363457413
193493134 19 739385860
819305906 18 765681225
106368311 9 383669783
559556982 99 333506740
78260052 66 810991183
907500087 85 319691597
281916237 58 170561918
997885364 89 758241083
872552430 47 309510594
598229670 73 381747247
998678904 88 261975198
975565191 43 990173445
45643767 48 293543691
533014337 1 423493408
945557080 52 841857801
783359516 80 342660972
668001704 100 296646427
755634311 75 782334107
804873764 83 379665265
442813779 86 155094388
793096452 39 418108846
214583943 22 686862940
345685455 15 433308969
450599486 58 844977275
29037327 30 406797980
341826394 41 920888227
389571480 74 359616980
161892573 32 288860857
178326063 51 118100986
45570997 49 236629874
196637267 82 275670804
910490400 42 122590695
642605926 38 285542764
546030070 18 424911124
758067889 16 296260584
509358512 75 316290804
431193597 90 601289165
99728042 31 916886944
974653440 0 461300496
796736466 22 398642000
707148845 60 567482535
137550489 5 536652431
407097764 77 238547928
509504208 36 283392907
860717500 92 734660200
624922812 48 367714336
852369153 42 341270722
534348167 78 556030311
333157858 62 789337931
711003525 12 771766207
834033682 66 639337649
681121494 1 665949584
34807828 64 873039946
742779261 67 277743981
106793586 59 262129345
284239962 49 645700679
563837474 26 245467736
324887002 91 587697518
84641386 42 612680263
455056237 68 643787497
230156654 32 612703986
224168507 82 893247950
813305758 58 254539206
101302391 96 223700684
344550000 83 313509289
658621506 68 487789727
606660975 68 924470884
607467671 63 111290407
396585916 54 320660011
842884528 48 945600915
275826471 58 696975371
783900202 57 585396835
664340624 18 474456310
271634674 64 308250643
267376022 4 372997588
737128735 99 143691882
637093648 8 700395818
58808146 90 923953715
205155898 93 461656857
755668761 60 674718866
335034553 12 709386791
398779830 89 920889401
175301095 22 369919479
218188766 38 643344879
931651079 7 142503148
164621683 97 697123514
350587403 9 873001886
488099279 75 719426552
650709763 58 940483790
199050375 55 922851502
352257983 64 380625393
84938213 61 979306192
944260684 49 104202844
483016336 5 757968591
873538420 49 298031051
8656539 77 345107795
601459541 41 167520891
320409170 21 108169262
506968174 39 784066546
145655625 1 197179834
802717586 42 998391577
269518537 4 652167365
773908608 9 898605686
493052024 73 317147584
891819717 93 865938355
87130988 16 236272174
649118162 78 438962237
276681697 0 592546482
326424188 3 565326772
533225481 59 185472910
82720640 82 432766255
851395394 62 427245863
158305347 53 292298016
125638581 47 481981980
378904660 61 577976015
20337623 6 671000913
456055558 87 612262855
462803105 36 245529007
179748227 88 411948391
291434582 34 185731601
546568795 53 356247263
152248278 69 200927616
890616934 12 296204174
882525833 82 211932913
425165267 38 857685459
948133561 69 411265686
385867689 67 832401629
143429206 33 145297963
352728721 15 770882899
774072600 44 876142323
61327354 81 977811067
890543960 58 961694010
894584553 54 239295387
589803566 41 982469426
963375327 70 623875000
454500798 40 781582094
441259294 23 602165204
508025451 47 963558629
751210903 37 968047757
514105807 70 837717081
959739261 34 478396973
388646168 75 115350732
23365016 67 173266789
305396433 42 101246792
314141487 46 650408619
40993498 0 842874531
524805156 97 601822064
170805669 56 768792466
168161529 88 330377916
203442143 30 691406515
249522930 2 451568429
929190103 55 263484276
571826652 88 241044465
987849065 93 251091201
686954841 42 358974761
278692343 85 496876369
72071896 87 630008994
276122987 69 223008723
504575619 90 595177470
140657081 23 370281390
152189003 26 389181690
189387411 100 632951257
319665976 46 233562084
212105172 28 341693724
787599414 16 664007313
664913594 86 575433292
930022821 26 209896407
237195043 94 288537540
841513203 15 344079727
118644005 22 436983430
80988480 11 591491797
934408938 23 193654125
74671754 90 509609782
693043322 37 848300195
879731576 42 576504059
898117775 73 594824904
848809607 78 470502228
126091524 51 655032111
896021035 31 553036474
916720317 21 653271599
366830996 20 736222839
703554483 54 636738636
488197799 2 473457920
304267481 74 456799749
100505583 94 504844076
708914616 14 512768346
335009048 17 222168177
886302492 17 189763869
644701238 68 300032573
109359832 61 711777907
385775457 70 445910795
630593502 65 577637660
18368366 51 221249924
958752331 65 275704472
651737945 46 461943097
912045699 75 607514770
47486935 44 596209469
613400414 3 671107058
139522008 18 702747969
801759794 40 385849577
464764892 11 768285984
132664755 21 942483244
829601352 49 671873690
785759360 10 977070042
309743823 28 658597145
65550031 40 790177586
568720389 85 890359179
525506843 21 787669241
463949976 58 818228692
622021331 34 556755342
272640374 50 503276327
401837737 36 368386151
324021413 93 981879386
80585676 9 164112078
902846059 69 204353263
127217451 90 278984902
569057544 66 229194660
980415648 73 862763811
509718400 13 816269171
503329302 14 524676022
475683251 76 605974555
681246066 41 692336331
36719510 85 605223679
214822969 30 963594725
980087556 41 223790842
24569051 60 442038566
345174071 2 780555703
624114509 35 667813958
716759163 41 193195638
637938155 47 523628420
292411306 32 598091607
33141522 68 885625554
906559597 17 176991177
249088889 93 930068737
186315461 28 109807547
298409512 70 321327313
769724600 61 470744605
374114905 91 205618335
15900490 57 544722704
483731732 42 735280200
208562999 21 223966679
1674685 88 529582186
930862020 6 353257982
259056073 69 239286187
260539368 66 265129889
28927147 33 190888423
823619230 83 386549824
177147793 41 338936153
536211814 5 464642027
285398842 1 637835592
138390424 30 468983481
592106544 95 239920217
563142700 67 691398170
339057437 26 152784878
125620129 8 105759463
892926315 33 430035924
365968504 40 351237733
721990456 83 153418364
94922991 0 382275037
284549346 0 801077664
557752256 67 808805506
845468996 35 386084743
489868792 30 854993843
372064915 8 938230635
628220113 6 723139986
146095829 20 728543920
85968954 22 968889567
416173872 79 355484990
839569698 26 365146533
667301895 16 935365754
646320985 73 459661329
901647834 14 559480520
543868140 55 493363482
290021904 6 880652688
5197385 37 792066029
146521271 35 723930792
643298919 78 280310262
992428084 62 486903442
165772300 77 790160293
89304791 80 319892010
317001510 20 356955511
711099926 46 383272364
376457252 73 454774652
335590253 28 518677243
925938720 81 206451536
280465623 81 137688151
191639210 22 814082606
999255647 72 186309283
399167885 28 981353868
812300926 10 450464770
316654964 43 560474664
189845755 9 857719484
861022266 86 143928219
954853362 81 435656444
74174596 3 482062477
170314383 53 184800397
457801443 3 203369841
972358812 88 732363549
469005117 91 453937933
424446653 74 590034018
820575530 67 558547573
18826086 48 858917324
28959585 25 125318408
258898903 61 525582974
308286836 98 110542961
291308175 56 530538426
647986870 85 979611841
751072855 36 644669853
364133086 10 161254128
892019175 1 103148342
697780870 28 158460111
11496025 20 974639340
362720413 60 453524156
113786360 41 291532359
79143847 0 818385760
786643552 55 510808706
817421985 88 682627540
17988650 92 765555805
817723502 8 539157169
89102309 78 655027829
669583833 49 275015637
922167626 52 728176289
296940713 23 741532047
387868699 31 174441391
12820348 79 884044855
6573085 72 558711801
913906479 26 760559795
127264947 53 789561575
576735649 12 788451032
971570278 46 409515984
561136922 94 205260556
978874209 20 591780341
873066074 50 542399038
600626203 7 372294941
499711156 99 213877942
692440955 73 360155118
362580487 5 256316699
124905155 38 493073432
998241500 26 830582929
277236242 7 321007899
140749723 82 712819979
732764722 79 465547269
241667312 86 106464218
651704262 91 546650950
963212649 0 299954568
950541473 85 326334573
383275517 65 537778265
455746218 88 953823891
717219843 99 503609961
731918828 59 763047276
525380308 99 875342579
810740060 45 507798274
858525761 100 267086659
960171789 90 365698128
501637134 4 696201425
724691864 44 480115665
83084760 88 311981943
204389281 31 961301733
429242146 35 790464938
291899894 55 942033383
864667606 25 101545267
889494023 97 827159299
926260412 75 293242441
75508009 12 406805589
856252578 40 197184817
776575456 57 491055044
466055698 62 140258261
591081671 43 771258357
486008676 5 432415679
174624700 33 285512398
463687166 72 982832218
511485377 14 218624359
498843061 20 556409580
646901872 37 546138225
368876088 35 371503927
556540320 30 122882758
602895588 11 539093802
14568819 35 874579217
602159781 23 453392821
473140367 76 624845555
343791409 6 352082822
733223106 77 599787904
469415930 89 930140297
802856222 20 928018530
423665140 84 252194807
516431095 7 235184706
127656714 13 693574592
196376810 37 945911883
97835463 59 652008496
212762413 42 171664534
14195025 71 837529221
784284201 68 463164877
401913458 49 816479546
36768667 89 506642918
162290766 24 832664818
454707394 57 546237213
142617185 81 439886986
822973021 37 199728462
548931080 28 454959613
191107940 59 509335668
268876158 1 740220113
72040451 33 967146073
461190299 49 978708711
124991013 96 239425066
639745993 48 304970710
522745683 17 296564826
600955682 14 434142408
513406012 93 572563756
212496688 75 123193241
693298357 52 280195947
501037807 99 264506688
541163197 75 475671605
151878486 60 398747623
701391541 35 360204290
670785770 86 700968622
815850081 6 208234924
905997745 8 331444039
124150048 11 441710505
496406639 51 985607561
621781819 16 139489237
267809740 13 416706148
413673745 27 437140890
58101641 78 579017998
724313358 73 566417005
522676354 45 386957669
515177476 32 687562777
300803612 53 140995993
277799206 64 662216658
903401185 98 693267166
841573994 46 620728113
727569456 29 450285351
363868955 38 236238095
47665377 21 791706328
268951571 30 212069117
312152923 16 308679575
298704939 43 377646194
875586795 15 549315809
366745885 98 509811466
356244790 75 767148067
651524787 76 675038927
62987846 25 985975274
606421515 60 428592468
657418630 66 498686076
354612685 78 776825719
986544877 17 225362255
168487511 48 538854726
263162957 46 854695039
624522786 7 359009522
107260098 2 475324949
371017832 13 368466189
656351255 48 556652422
744457705 31 418826896
636458438 100 667670458
597401387 35 319172317
593032456 96 554057874
699690096 94 476681498
842267167 41 893567539
63925105 12 481452648
846770378 88 213244756
571478355 70 290793533
610151197 4 615223611
999262581 93 196197610
880117057 55 777329268
206376650 75 658575342
495867174 38 903851693
479270977 24 381012067
961191784 16 112202975
199966930 21 499315073
100822770 48 851457875
922472978 50 413881172
895574461 90 993332417
985313077 88 177056244
853655004 32 829657760
429165967 88 140926224
644521995 77 204692751
45123920 18 258567993
481723042 22 428401307
988462225 18 567852568
216962870 11 723915034
599142355 70 147879790
848267217 4 120940255
439477261 72 169013765
296899657 89 429445986
416243181 62 304560437
958025087 12 599757349
93417546 24 179819888
504199479 63 646430337
610193838 88 767194378
505787346 14 807727493
837542169 61 467903298
596195903 36 751435638
146835436 81 119037676
191645812 91 133763924
311834685 66 704421560
931984813 71 767419452
36178929 54 299456027
641095442 30 690473263
26732635 85 802909740
437365980 92 792349200
316537895 63 941619500
920951173 1 568250987
363545515 40 734492689
117795169 1 742420898
153696820 93 312613168
569667069 52 809206694
200432895 88 877419716
554268235 46 195110806
606305872 52 104507944
600418818 31 312801450
618333316 16 598747521
240814709 4 483054025
660393259 26 276933708
967589491 100 838869185
969981443 7 971878043
364580029 34 367721641
893081148 8 683424541
107790638 40 898397864
470215611 80 741224204
338545030 40 617637096
592487005 54 103576327
920066033 36 728077935
428222906 32 765690858
178865356 73 913185331
41761841 20 901192532
800787777 44 108914945
771404309 12 235576011
437063354 56 619628184
996268700 95 373853555
913103312 13 282974459
605153987 41 632290902
840638012 11 615091109
797387939 30 974948130
710552880 25 750867027
383453204 49 927550681
262820587 53 378688743
214433985 88 652783792
933509638 49 307550362
198516547 11 149145822
821019055 17 834056501
425419557 91 958395421
81729980 90 491678938
646438644 35 484058831
325151151 81 963494864
741410703 86 392669539
737804508 12 842527476
17422360 53 187100820
608911320 98 641896523
975385000 97 688145191
401388884 99 554858897
841760279 82 811599612
262416318 7 446014684
188674816 23 937845448
132053990 55 858034148
492921769 22 588622677
267735728 14 794345014
410909853 16 619612437
637186984 35 487218517
554604793 8 813133149
104595254 88 199753354
830183370 77 822654533
811368817 28 985675166
240184985 35 172392339
715762487 64 440138419
977505316 72 182734633
897880523 82 842524491
253468370 22 261708723
828456648 88 550373006
512002054 76 189912846
963430997 38 369722003
963665797 4 569786786
363945134 29 514875610
685855072 48 116431256
953771012 6 831227042
435228146 74 520250495
71468805 43 383334930
21196028 22 894965647
600824697 54 118812446
72807049 38 696315715
4707410 35 569898499
180667080 27 759500874
668585587 95 711090141
791422434 26 540421417
494474655 84 896390891
883699105 43 596446249
203635320 27 923112285
136559894 35 913488767
226104094 35 516049380
250689473 87 276668660
696105584 46 811136428
577652867 32 559296188
181534160 13 666718666
46095720 21 906520977
694801613 32 230161539
209098808 70 597792508
83379467 6 469154947
833038326 67 279223097
252222982 79 926158161
539246976 51 559084803
937675816 58 958956892
1642656 89 747736433
719087702 67 731382182
515421257 93 620228075
591375128 79 770464413
933819544 27 531645508
378936398 53 568668531
721186339 11 229950183
276173515 86 476991715
747206619 22 582053397
582859723 92 542540767
516894763 19 300293889
858636908 61 819503049
682892859 49 592614998
208161802 48 779353154
292131799 13 334096109
996747256 81 902433058
409699644 61 872825426
529401400 20 507408879
516334739 97 511863404
761038297 70 941363940
956380226 81 533265660
202453555 17 527096467
314155817 13 603479702
826682669 92 348470462
276953437 51 728876979
672570702 100 842760492
330318378 79 520104071
470786743 5 607655954
933989346 62 445082695
264933958 39 394030250
697656917 67 325178250
886342524 51 285610702
348472982 80 315912870
719102862 40 252053312
846409122 78 407445089
647190591 61 625892768
440951622 69 949146803
834882254 68 213718255
483055507 97 146071468
397871797 57 204014345
169192299 50 487952812
775426437 12 717895174
370121068 51 241932200
807075892 47 356587652
807535847 18 520267903
464931252 31 932422279
612676744 98 273835039
821623611 3 951222117
604121111 80 690913502
179311370 27 269189800
659660754 3 922622284
721242344 56 208402756
268552025 8 718128005
783341506 84 898494399
314053933 69 689588460
265625021 38 752146255
786788607 25 866521644
634170471 49 409132245
783264738 33 928045740
12719657 33 157960692
430952704 44 678962758
293882738 31 946170488
597579268 52 122326023
21866010 5 471222174
752840669 60 835077991
323510425 59 693803422
952037216 16 874280131
394939352 91 832765512
434353876 57 991184118
407158774 61 284021588
232287836 60 170175452
450858280 68 599470337
646226531 54 890332990
128586752 61 667160294
909958544 46 578767789
567422259 72 811858206
100
806 81
123 12
941 98
96 9
786 80
626 60
624 59
457 40
900 91
496 43
81 8
312 27
881 87
528 48
208 20
479 42
597 54
671 67
319 28
71 6
633 62
510 47
874 86
907 92
230 23
549 51
499 44
837 83
139 14
758 79
854 85
351 29
657 64
696 71
224 21
31 1
180 17
103 10
165 15
952 99
985 100
749 78
746 77
594 53
502 46
600 55
682 68
39 3
939 97
227 22
578 52
934 96
64 5
908 93
369 33
204 19
914 94
898 90
814 82
891 89
362 30
373 34
885 88
366 32
693 70
269 24
641 63
684 69
132 13
661 65
852 84
730 75
33 2
363 31
426 38
621 58
604 56
534 50
47 4
195 18
431 39
612 57
469 41
417 37
78 7
114 11
627 61
299 26
412 36
720 74
737 76
500 45
179 16
529 49
282 25
923 95
664 66
705 72
716 73
382 35
