100
790 82
43 5
175 25
826 85
592 67
65 9
373 46
965 98
717 76
167 22
83 11
109 14
274 38
929 94
521 59
620 69
120 16
177 26
915 91
665 73
215 33
468 54
495 56
557 64
55 6
871 88
6 1
827 86
169 23
779 80
208 32
591 66
60 7
142 20
715 75
90 12
789 81
935 95
532 61
838 87
719 77
385 47
952 97
251 36
191 29
31 4
283 40
235 34
949 96
238 35
135 19
483 55
319 43
417 52
61 8
924 93
509 58
199 30
313 41
553 63
353 45
133 18
502 57
684 74
988 100
151 21
171 24
968 99
315 42
657 70
178 27
749 78
121 17
792 83
282 39
399 49
774 79
104 13
659 71
810 84
609 68
539 62
262 37
660 72
921 92
341 44
27 3
205 31
907 90
189 28
412 50
113 15
67 10
414 51
10 2
445 53
894 89
391 48
525 60
564 65
1000
351957034 40 852050423
183476640 25 365669238
423437468 9 250621442
759507277 42 687956738
94710649 21 860918424
93280747 44 423913761
523426424 24 392266965
919503383 43 381794726
446907422 74 955717659
176543488 4 735927154
863085747 22 153168508
461177874 47 459770749
837118554 96 216992013
876745972 80 255428496
463653097 61 700435913
202018376 58 340529293
386424702 75 872149927
869596954 92 130230139
706130363 68 582346145
230850236 75 764032439
576360048 99 937423086
509072492 3 529824341
409504581 52 158655263
76487710 30 673395503
991088813 4 525880716
346553172 12 801266934
833473745 62 687556291
839207777 60 948562152
16614359 28 211612534
23180378 27 900352113
637618067 23 873621868
518580205 30 996032365
986162969 12 662442898
124713608 37 352222505
222790159 40 348464192
376560836 33 891188001
258080525 67 734232125
639817329 10 319962907
712356638 97 900536663
239727733 71 124612131
144640885 63 924071792
69285832 57 592041904
792186523 89 459894048
391269028 100 712841941
144122335 91 155221606
248860383 100 487867203
637028541 42 696975831
236648007 1 295205314
875593773 34 582288924
276313963 74 223255093
147507286 94 145267907
458704039 89 364783303
956874258 8 457644370
550086762 29 320642344
708662491 99 442064644
597808323 38 118118482
828624090 66 940490872
962548370 33 963575093
276673678 92 419282507
448434394 8 750989477
616757189 67 582500431
217177342 21 456951736
261877110 39 348287352
489864667 88 260809704
183203462 81 179719725
417161302 67 125809858
750027266 61 683871194
322441797 26 976250978
765166500 91 435821020
863134303 90 457893070
133668623 1 527747778
220198379 92 453869913
21057258 32 595826709
625799839 36 259717403
895828616 88 599573469
669095741 6 688033154
901500536 62 421245622
725766090 64 126912493
611917494 19 943524822
535055160 58 731430513
982180016 4 392432983
154516298 63 237010503
461756388 88 148793290
299905293 75 145839218
358975001 87 588269340
156932632 69 440635180
375141002 61 484672812
124917245 27 856729492
919990857 76 118184603
341498906 34 236913116
12099130 67 472424211
8283074 82 258434054
351904092 52 373976087
898977810 6 563441344
39321415 44 743766277
925271534 65 929906656
746853159 66 953884656
223415423 36 173613032
401778444 80 330040589
879600773 39 350232253
763749207 69 582789933
740616445 9 612289923
467028380 28 854947679
152208716 78 899834844
185613572 68 193175104
720487926 73 479441438
946377340 47 595054036
681213902 12 816916637
695306689 19 441500692
790683458 71 797689091
780113656 92 552782328
597336045 43 857660564
393063396 98 701855421
435744661 95 825182253
763482814 23 915181420
285805855 14 339554788
360237321 17 768114916
130228278 39 903726838
798829678 66 551956421
209969155 90 677795386
384887333 16 872972373
104187297 30 665239020
300159120 58 306295660
279039964 36 190594865
325537647 29 901838268
595792543 37 449409834
395140267 3 587658021
203417566 61 956757823
997436102 65 667236074
122902394 91 429723727
863668941 78 411259728
834024693 80 262112629
925028432 11 670276892
69526187 27 966979795
10389255 20 180469989
834186986 93 757259330
194254919 97 856886395
449721132 37 116560392
413256574 23 689490626
589291784 59 618262883
282227549 28 427704007
210890149 97 586635865
767920147 91 164868539
952291462 91 461748943
319221699 16 504427586
104480669 42 133422633
395801872 41 642898594
164988795 2 616361023
552297739 56 762124131
124948282 9 661166902
921080982 98 509707702
698180725 11 668346483
966901076 79 867191257
27658865 30 509363823
813271426 19 692716654
809957221 26 263135412
72059238 88 394908055
429314563 31 182561933
58005161 61 982520784
691837271 88 227692282
415048896 96 120336793
470077435 5 752272045
483093656 77 378370028
609375714 64 859729089
264385681 70 411310057
624994480 54 146114643
400499490 43 635034776
32019045 89 800301182
236684655 91 131264028
863885775 42 847928273
703005992 54 521562691
2027226 69 836911189
78413688 97 392467545
118878894 23 925200956
29526321 75 795146411
518875375 20 239761236
325372516 73 400062230
812031538 20 828768293
28070853 51 826057443
746897954 54 610530943
885046453 77 734026949
869553031 0 579567876
903611941 18 149561820
949824436 49 608754212
881298769 100 857122143
492193267 9 347247984
443123728 74 758840592
133135277 74 345001183
23772217 19 617379858
938475975 98 843144501
846934350 52 400027631
151521536 58 881585311
88510036 33 528818224
583713010 50 190456570
768375552 62 274415604
431593046 70 415772569
448741521 75 143555310
577657668 0 296261465
949377550 13 417668240
736064210 47 357625037
451335856 87 674043697
755364931 54 844812217
207418831 17 156845180
536252349 36 295630683
90814890 4 430566693
377516950 75 427004669
976389669 40 836060443
19282870 82 653384076
392234528 10 850671226
866594945 16 720604507
278004214 14 827786019
278478057 69 312006526
126636907 11 122189510
297839111 83 877906380
68757034 78 720492523
729155459 96 296553815
144234007 79 919673010
320595255 65 915488910
181123903 91 273199798
231897794 15 323944564
873391734 62 991554682
202176237 32 772757717
478181723 22 742261147
977333413 90 409541083
107455023 86 875840741
693196359 70 470022483
706770280 78 774209888
99633070 69 934948382
709382813 60 648723513
72630093 47 454845213
273211512 34 825729999
50000043 62 764163659
720355528 88 715888926
89825711 69 209332957
963239920 81 635395986
13788442 82 228496701
431173818 18 756005461
330402701 76 878434292
667915979 28 297537012
748764152 76 166040337
128302478 73 938178715
460891056 40 976174265
884031207 99 895611313
833618330 80 235933460
894408914 83 779097555
104287637 71 684187820
821875474 29 700476665
123426605 22 578587804
156831246 40 236600850
602202990 42 757714469
732839467 53 848272676
246385442 29 271333902
607241052 61 588388558
897807490 11 627692079
705217925 45 396087088
946012903 7 907086355
238035256 41 939275178
349213624 50 749205939
154319042 68 699865958
757056639 13 211551132
162649589 14 159974304
255992155 0 353908034
5015457 48 809781626
34385391 99 737473923
169003969 75 789991822
675710039 22 482509026
900494603 53 427115605
502696749 58 735403754
668742192 90 708667761
834803035 31 551516283
106062911 42 927857283
668377185 88 473171385
25725709 12 934682936
278518544 48 752332971
632214338 80 119621159
467471942 13 956097258
821716193 47 751730170
727307758 19 606007709
678003990 82 249499824
414196960 38 446182999
889228474 40 946142505
703868110 5 583194209
418053874 59 519252438
423093350 8 500395915
36453735 6 253032941
394691125 80 465885318
811131255 54 597349887
477536615 6 789465504
927437962 71 365029368
150976832 88 425086642
752263704 100 973857127
695056536 68 268191768
547849555 87 499557296
859507925 21 466001371
324299963 51 182208446
382754644 56 444184937
576288435 60 872815640
802069353 81 306006986
662485000 17 672301109
970395777 33 411490649
140166031 57 885076800
38587401 74 281757942
232927105 39 254488522
108299063 35 751630561
463885686 45 974785522
635321874 96 136754424
313562938 94 727772005
47485766 42 156916632
804572305 40 204166724
695714032 62 530762523
641547652 95 433930360
820613098 45 328061430
449307097 66 679634146
25990524 73 376041290
533403201 60 276646977
836279666 13 106251409
784611579 86 643207480
140020551 53 363497932
281136978 18 152642269
512573100 56 580545239
408243376 47 371739052
920880623 50 854549877
758372575 28 909942903
167722023 76 447059043
900699384 0 652301712
253739786 83 268034291
59898066 52 213054735
121102359 6 769160263
531117187 66 490855780
822515495 77 563883665
80120920 5 290330650
214069406 56 627760647
314394500 27 249908231
383655058 86 493591597
46607705 48 728235108
266609239 76 565696374
325855719 20 838024874
568234969 99 615665145
989401681 87 207587057
461147395 28 760638878
152501168 38 497894713
625144582 9 844127217
234190504 75 262821200
956080309 30 517695378
316356791 37 929944568
904912893 54 394186216
769981918 27 147041045
794628010 15 300960068
273387420 84 234385679
586335314 63 913627547
959637075 40 625254606
115335688 49 242744148
613927461 58 373358284
397550106 15 306497327
391608546 28 144597170
513279646 59 958654544
908087552 96 718029967
701607562 56 851099185
762596372 76 118269613
229046711 95 235568266
386076507 2 209898722
694262838 40 625087202
740033919 43 374979017
308750810 86 971777060
811849743 34 911369896
457629105 23 388274000
727502076 89 289016984
373161477 74 418596545
762124767 32 994238130
398809305 97 567949524
407213776 16 201791913
257044888 57 871422348
413595157 75 678461868
578161684 58 865493566
433245865 16 642531817
844107072 63 206165421
493730619 63 763497415
714970455 32 184292743
542496063 12 347492254
217335029 95 231358066
443622288 93 431639877
376293151 23 333752544
337898520 51 750712691
480480306 63 616572479
891541380 89 827051562
312873922 88 988384636
924521237 0 256977632
595141139 6 217247389
139755633 90 107789351
269008099 43 670868428
377321720 39 932151487
977450803 61 123497097
254481233 62 159736105
825939001 29 829216732
922323371 14 860220178
758688938 91 865509795
597086109 42 267846006
283667504 91 817586968
962691215 7 796258463
108013731 51 319745363
401870147 23 223844035
491270803 65 939754262
123040239 8 224833943
357847141 89 346242960
119544692 23 746781612
546383963 49 176616121
853774357 2 967733583
840561776 0 138897191
655341661 88 465866512
980799265 79 701968828
745062063 17 221696580
914047261 74 658564309
751595006 31 346640564
27892625 49 297051976
997250019 31 291806546
451652669 25 867975153
884962732 12 933060893
923931424 44 383506345
120639375 49 813798427
301934206 37 292116358
151686021 70 878835820
130319434 100 982458633
802687175 45 460114721
541935508 31 453902581
14031448 69 829303224
56920585 71 525628385
365781017 88 280733540
71364078 40 877426599
94393763 44 715504754
455803191 82 832892026
460343043 62 614363352
652873304 72 974956789
753406277 12 725295448
835366915 79 660365359
781842410 23 275511177
625936145 73 833077135
283823848 100 263757632
69725064 23 253285173
620837065 26 916621755
315199815 18 890857506
206070897 67 583225712
441828390 13 903079054
463443060 47 770159617
869584203 48 707158785
415238966 75 933840678
774843070 14 702840824
804286828 40 164358133
236680516 29 114335450
638105046 65 542526048
434164833 86 286583446
956646117 95 449878847
666576596 68 795629926
43893169 39 800433170
832632888 37 241269491
537120214 58 726191416
209261470 61 630898223
62946793 46 478722903
831885272 9 752472965
989461537 79 718926074
473067553 43 393690836
890467298 28 112935307
820731559 34 860831295
508242604 64 851627591
335246745 16 643798247
362160505 26 176919799
408707496 59 447331148
264763010 40 181277711
930956719 7 291884073
917138510 43 318875880
220041897 41 894199030
776000715 93 276939003
103947444 78 692888494
857233211 67 854606548
351864754 88 485905315
289176136 74 310036154
139443869 29 506460325
643443844 65 661832975
102408566 84 203985277
716998816 29 238289398
199251640 39 968447334
378729053 27 636705506
20873253 37 920733184
72651754 24 589822853
443461868 36 504687941
477006766 63 929776638
17618768 42 354552757
998024308 52 190072365
105606961 99 151430447
561538824 44 435808596
68225475 89 482537764
741059147 57 426069812
172709210 71 173070486
21892061 48 390780583
971801194 24 852511140
136529472 35 196076868
294771032 60 811320944
384075474 2 297063542
12039397 74 751077486
176057107 54 856080242
618817120 25 453854880
710957603 55 942642388
751165289 66 909487319
889509365 6 680063973
813555121 46 288848342
200566582 16 180957348
478030690 21 732739425
592835628 15 916768972
315685879 29 432209560
511145040 86 448314108
177394307 62 495468476
601011056 62 428136829
451506636 26 269155831
981496269 24 826980571
838082254 37 315623324
511933368 100 381065663
54311566 89 498676091
147158775 77 132498129
619061728 31 819422419
145534631 11 289570393
346356939 17 712021853
577616306 43 616992185
878273711 93 489740848
530932086 39 592623851
512506416 75 710259044
864396125 21 693021065
989761309 69 215222096
303441063 84 534035262
522521336 97 528468894
198811451 56 758273693
872315537 25 688919379
739051406 27 783256345
776183194 5 933362321
49889212 29 686131117
607280555 44 451888808
534394030 57 222059457
461659713 93 968890932
612083011 88 674932435
405962703 26 396801870
732117382 97 628421361
415688016 72 764184041
940194505 50 617675470
838429675 64 652970940
534656803 51 199959513
818843485 31 241445454
301577880 97 789033115
138435797 68 501686489
379977092 49 715140552
932576148 86 344945715
817925426 6 231430014
554483821 100 495598367
195306818 99 705274435
637020026 23 754557428
99995847 16 469438105
98089100 82 564126634
36036942 48 745150734
982346566 41 143321438
671840510 69 923452552
237972749 64 777958297
977345102 93 400778943
512929987 72 326642335
310787939 15 695991031
983916531 53 201543371
274583305 90 154186343
653878021 20 671735173
675214889 27 724910109
191392017 18 530130741
253998647 46 688670766
950309298 93 267170380
561414799 54 491025089
311734104 99 519918761
908492578 50 151568064
924870926 79 537612183
604104327 61 450727281
416751229 44 848419599
57202745 64 477727621
374976118 18 660137043
28509868 40 136753567
951105211 40 912118088
261858400 20 809856302
459903439 76 598627394
899392433 46 588338088
125634653 12 401936520
259471654 14 498134929
269217943 93 169703360
757394213 90 545952111
543193029 28 797671170
700243225 96 775822663
278148132 64 545434116
991866767 94 758461864
375223157 37 806191772
559459373 38 816415809
822721395 40 569100410
685611438 27 588928734
378263806 42 872156463
90504222 82 934258892
870590509 16 392807028
721588846 7 291129950
173595835 71 496856528
182077984 67 146182758
473292629 4 192533240
503205898 13 231985365
330747829 0 430663742
975093697 13 114246043
7882583 64 515946468
15710363 87 108112494
842736765 93 355980905
337317819 49 973169879
245538995 76 427315110
690178974 64 918227113
695287238 93 600434851
363545594 27 836107196
493981951 31 524011066
737849507 59 806485307
356867357 7 149862870
651366462 77 419884118
28343300 4 892595137
64497782 41 539994621
174818815 1 864757605
71684040 76 706801045
330270800 80 416157693
478106207 81 135597626
940323923 88 691196443
785739671 19 641498494
882768257 33 710508056
879945847 52 701266631
312068860 16 363575514
397319700 13 198745233
514189711 56 607216792
700184010 6 766333175
6815451 87 824299045
661193642 35 832027063
401860105 94 208608592
247308593 49 898000846
979630162 31 980140314
460272103 20 244114121
784213891 24 608407365
273326624 73 691920765
841683287 14 605187578
238199386 16 542580317
666486085 65 639381816
575172414 29 431903385
920885090 76 114904427
229237967 82 913850286
393628144 33 802383748
99296749 66 181651009
624682912 8 614761165
384956880 2 847272617
213450370 46 338273501
195439150 47 628309704
752749388 5 499798790
242414265 2 626654624
821911381 98 754273472
23154748 18 186324246
664728215 95 811152353
29915832 38 268519925
231809230 24 730781485
736233667 3 583811211
341938925 25 429932158
97006360 90 515038749
964973072 40 402977218
287145968 63 109189868
56516992 31 974848564
284260891 69 959618128
849150023 54 320790973
192582422 32 770319069
598857336 93 586395274
230412201 32 571771636
531120954 81 133852264
477545772 36 662033254
592383453 31 931650185
374341668 66 910562947
718153387 93 506757470
767003584 58 192187192
277283778 27 506325957
38689255 93 490967016
354780102 75 619689413
607261162 40 107288956
692259054 13 393260161
189192101 28 440469355
857649414 91 235774756
109669152 8 624368145
248165513 19 139604059
718510157 48 628196397
282366008 47 343288537
696672664 70 626686001
740921834 70 319215024
619805356 10 730264929
587687035 91 498770044
866422017 36 564578642
751048774 68 506036230
844563407 50 603851803
823628167 33 800191900
134052770 10 678275361
628644688 96 115079861
477082824 11 913105023
6657799 74 465480764
828676769 53 552268255
737277792 93 844918520
318929388 84 699021549
869155064 24 509787798
866313556 56 204849539
669108536 51 257012021
665644895 37 521002348
109023440 1 706532363
423479242 86 727343998
868219876 32 260170435
413682518 6 736854814
862560250 4 722199495
82677340 29 345342508
634102531 86 990480274
531666216 60 968247479
823626134 60 212431546
745330205 87 488892119
184370666 37 985142062
188748776 95 860980380
368102264 41 303777855
917145197 42 862578239
861783307 61 411629817
378365164 50 722680496
201891738 78 136248856
443895505 95 444190284
962510979 20 257107014
984707032 64 399557880
533575771 15 520716511
137298987 71 740343681
672193267 25 149920941
56342004 75 565815159
906764823 35 157473516
123911307 89 997308104
7613712 55 382008674
395802355 78 424525969
35555628 57 216062725
953322369 67 614768689
775827581 38 517001377
943832336 84 294116650
865878626 44 555257809
188926116 94 471898669
462646466 4 192264792
27094342 33 246843944
769358832 69 277032453
994820611 85 937350361
535547211 4 983450954
185568283 61 738148275
17004033 3 593289873
307442053 42 299011057
259927500 82 337243110
452849996 86 596871307
208904384 86 368967847
829056160 66 410377089
600743230 52 171275789
889934860 59 520343118
472425637 84 402073982
891253668 82 433400811
623836154 24 268418890
247102084 66 876066293
876641668 75 794916428
498958725 79 880173775
446354058 47 363594559
259131527 49 375803920
139291482 50 302237441
229280623 93 521667333
37785812 39 374125448
906898816 37 443164170
574184444 2 421697171
550013470 59 507595657
274743777 89 513247246
622588632 2 884431228
438632384 65 835452121
220587296 24 542571846
915430317 63 117455773
995544391 10 903539522
840195159 86 625720407
8375088 64 471997473
535887265 82 468195817
814042718 51 579907161
761122578 13 276148695
634995534 79 404297397
311717200 16 195031985
6325067 1 334302164
647681341 76 233571683
190998401 70 835284251
536976304 36 411821800
751051649 16 243789937
637188021 44 288099271
338191569 64 732741844
688770896 73 643694440
865974212 100 349762064
943916334 61 447212467
8282392 67 994935703
144245429 86 588597380
77932973 20 195776906
640196295 36 599806422
658174132 80 860666485
239358349 21 295637991
726621769 18 280616345
714415703 19 868697472
320070892 3 946792781
605903483 87 249295824
615368880 60 247112578
584512948 70 458734327
502134638 10 684495478
591834841 96 923790535
588792567 38 721372961
242728982 27 460634142
522424746 68 457865749
618109685 18 567684059
734210615 92 321984977
203398177 86 357978429
223969353 14 503095101
450585204 59 540344269
173461894 52 687880592
364655638 58 752389180
497791955 28 236268323
393105642 57 331141604
936226797 90 705758907
605028829 66 283417228
935801320 87 583462773
162874111 79 145167536
898624865 82 728118248
497568816 61 135500720
395811051 20 285760099
692992928 18 793110520
696320879 74 791671746
121317544 80 226017300
492860227 20 835233691
89455005 26 364754239
144293603 58 217893849
927074552 54 394661798
837442854 69 807408570
816327524 91 203943068
772871442 15 326247411
812215859 80 896765685
82425811 99 843635649
470822033 57 134890037
572127029 86 314144676
840078514 97 818010337
598050743 26 684328023
485249092 20 293072107
326276281 45 329102545
891665396 89 435905959
305576580 100 115159338
883267461 70 204880967
402313855 50 454713990
669808961 73 367497284
570494759 25 876141502
115101093 47 910424962
78163536 67 286002651
410385488 23 759306750
846083540 62 451140122
777505020 30 867618319
168730221 92 940765648
430270469 25 566260645
137663663 97 604206403
778495923 3 454740785
987673883 10 684357857
643647607 44 702457606
683569996 34 218792073
963377397 72 959896916
313254089 69 268602722
685695892 4 730024498
480862288 26 633931586
633471180 74 176168607
256223598 98 134153426
116972034 38 598453444
453317730 86 868317167
995110896 35 317548995
659148470 36 497824802
923898934 88 689465367
362807175 11 414559032
803089173 29 563332160
920807566 37 322896486
171687669 35 728056119
319708251 8 209943018
670788936 47 703197746
647330182 45 588769805
724364499 12 475158120
627087291 64 400135067
790493448 97 316240366
458549328 6 152620376
333088789 98 987657069
499516493 98 992294503
789205831 32 268108661
403603571 15 785024214
275227236 68 550105247
552354716 32 969207319
730846690 66 666905660
815645165 27 958053419
373871847 57 398970178
17274957 91 113328834
149086079 95 587297941
700302008 52 443267234
560572803 50 552429267
842640703 14 841755894
648406878 73 911079921
978537615 72 474484637
429046651 17 898160910
741321782 38 381967684
342325272 50 145177005
925136453 92 201767884
274869980 27 540295464
813716431 47 741557788
659030161 2 134369061
544583467 14 187207412
291264743 66 964370989
412846852 71 558216287
412591996 73 227037624
654214124 86 463589018
506801136 87 263439789
307588404 0 802656181
639908809 8 797660409
809145403 36 702002173
334895191 97 611148736
524895953 49 873967891
184060811 94 921842508
804734343 53 372869907
218658999 79 663897939
423655529 28 980175379
108323231 70 907647549
495330028 12 747648800
356758653 78 530520436
132868170 32 385055173
982634835 99 369115136
283294956 96 533194547
928227572 41 747629293
711800498 82 318698841
943448597 60 816336762
387942366 69 884471104
141956674 59 160783804
478687983 35 493585000
533851202 21 443945301
514623636 53 382751065
978016060 38 907179152
908510447 64 916873523
998766104 38 405375408
818490770 85 513350856
876589346 73 200742670
547376738 71 901726783
787921828 57 789127951
317428281 94 911645861
663284767 30 526795909
528670871 91 633879824
385092555 7 818960803
823885828 21 425217558
31234480 90 166266298
35876876 27 567497893
441208147 60 829415951
823322192 7 962361576
958230796 74 824996905
312705019 75 509635342
367785374 96 323513712
455685238 21 692582044
316449350 28 297705776
750796233 9 661981905
478991001 56 145242217
716815886 52 920060737
48625194 7 993376473
851722248 54 772323365
309630083 19 756255375
537481293 57 924398874
768959386 14 915898203
58487970 91 513805676
693265744 61 576570328
377952272 42 108774717
943123282 78 488417897
612961989 0 720889821
340945913 7 860470518
363789863 73 298568353
736782334 98 475721365
926706997 60 102402550
39750893 34 441020717
751437558 11 698536576
823973541 54 267665764
711895186 36 292148551
874242493 4 360255044
669488969 19 960568256
286448956 17 560156209
398251422 67 152418320
504879178 12 564056668
343956748 5 748207228
89326015 45 321787870
370023725 30 461484917
593786022 81 206123507
243634146 4 408816481
145420517 74 740609596
401270599 40 872912692
84827525 43 489777219
428853035 44 902629606
943824624 37 904938220
952950876 30 287960885
646133655 33 198273559
772411503 51 312938657
656325570 90 157020296
94362827 73 816532959
103786670 29 516156815
287735480 80 905873956
948939434 87 878142335
793293788 86 276930524
877422280 25 542191088
895766542 10 468582722
94894356 54 679562946
500
843 420
521 262
941 471
47 24
992 496
10 8
185 87
323 156
204 96
787 393
352 170
417 203
791 397
63 31
140 71
755 375
994 497
674 332
772 385
682 336
545 274
88 47
73 36
608 307
777 388
210 101
178 83
472 234
844 421
129 66
711 352
293 141
924 463
873 435
100 52
461 228
962 480
285 139
151 76
462 229
865 431
271 133
330 160
946 474
604 303
130 67
999 500
423 205
448 222
466 231
740 364
457 226
43 21
590 293
203 95
475 236
748 369
689 340
95 51
501 250
884 441
299 147
348 168
794 398
245 121
519 260
709 351
363 176
667 329
633 316
508 253
375 183
268 132
990 494
705 348
230 112
298 146
839 417
788 394
589 292
87 46
807 405
353 171
802 402
181 85
254 125
297 145
369 180
481 240
135 69
732 360
264 129
933 468
175 81
465 230
827 412
764 380
593 295
530 266
552 277
800 401
652 324
227 111
219 106
564 284
82 44
445 220
60 30
3 3
657 325
541 272
41 19
890 445
997 498
874 436
659 326
563 283
704 347
458 227
648 321
597 297
798 400
344 166
74 37
215 105
716 353
177 82
607 306
936 469
346 167
114 59
300 148
776 387
266 130
518 259
789 395
598 298
694 342
902 450
231 113
358 173
693 341
626 311
81 43
985 491
456 225
206 98
651 323
57 28
757 377
361 175
680 334
393 191
947 475
442 218
856 426
733 361
438 216
963 481
42 20
467 232
262 128
817 407
385 186
119 61
509 254
125 63
309 150
367 179
238 117
527 264
670 331
649 322
945 473
89 48
191 91
631 314
275 136
386 187
168 79
444 219
982 489
436 214
821 409
142 73
706 349
296 144
568 286
858 427
841 419
688 339
182 86
834 416
921 461
896 448
311 152
878 438
612 308
605 304
668 330
575 288
310 151
46 23
752 372
860 428
68 34
991 495
512 256
911 456
917 458
126 64
357 172
408 198
499 248
555 279
469 233
80 42
335 162
708 350
108 57
132 68
505 252
77 39
294 142
595 296
925 464
93 50
700 344
790 396
315 155
485 242
770 383
102 54
797 399
92 49
403 195
170 80
8 7
681 335
255 126
252 123
871 434
4 4
214 104
565 285
833 415
632 315
967 482
726 357
0 1
537 269
868 433
998 499
720 354
473 235
832 414
636 318
634 317
502 251
314 154
948 476
550 275
989 493
397 192
753 373
76 38
906 453
952 477
622 310
111 58
226 110
274 135
751 371
407 197
374 182
479 239
237 116
86 45
288 140
105 55
533 268
603 302
888 444
953 478
478 238
641 319
722 355
586 291
729 359
558 281
56 27
336 163
406 196
554 278
225 109
5 5
862 429
725 356
852 424
684 338
492 244
785 392
45 22
876 437
767 382
187 88
576 289
855 425
221 108
179 84
954 479
35 17
879 439
581 290
540 271
351 169
144 75
329 159
253 124
207 99
434 213
24 12
79 41
267 131
701 345
747 368
233 114
969 483
366 178
328 158
910 455
782 390
804 403
898 449
416 202
52 26
141 72
920 460
618 309
306 149
923 462
446 221
433 212
806 404
372 181
409 199
683 337
971 484
413 200
866 432
606 305
487 243
664 328
324 157
36 18
542 273
771 384
360 174
762 379
880 440
893 447
241 119
283 138
295 143
927 465
415 201
498 247
928 466
248 122
342 165
942 472
341 164
67 33
379 184
629 312
50 25
830 413
528 265
630 313
2 2
749 370
477 237
455 224
500 249
551 276
756 376
240 118
398 193
71 35
123 62
727 358
702 346
938 470
213 103
784 391
449 223
164 78
437 215
979 486
389 189
205 97
978 485
845 422
818 408
520 261
919 459
904 452
561 282
137 70
675 333
127 65
759 378
531 267
189 89
647 320
849 423
209 100
424 206
432 211
34 16
27 14
742 365
196 93
497 246
78 40
602 301
494 245
163 77
101 53
439 217
775 386
600 300
779 389
538 270
766 381
20 11
739 363
813 406
400 194
980 487
7 6
392 190
754 374
257 127
198 94
599 299
744 366
384 185
824 410
118 60
886 443
826 411
699 343
14 9
885 442
387 188
591 294
931 467
31 15
312 153
572 287
516 257
64 32
190 90
19 10
243 120
517 258
484 241
212 102
273 134
511 255
430 209
143 74
431 210
26 13
660 327
903 451
428 208
746 367
194 92
984 490
736 362
365 177
891 446
981 488
418 204
524 263
279 137
59 29
425 207
107 56
334 161
988 492
220 107
907 454
840 418
234 115
557 280
914 457
863 430
