100
69724554 1000000000
99946862 1000000000
28862314 1000000000
39889210 1000000000
86308002 1000000000
48117552 1000000000
29339240 1000000000
94632275 1000000000
57938470 1000000000
48514788 1000000000
67654275 1000000000
29163102 1000000000
66529511 1000000000
16072603 1000000000
91272381 1000000000
13228954 1000000000
93139939 1000000000
20775100 1000000000
85888082 1000000000
26088457 1000000000
88469751 1000000000
27932796 1000000000
60867223 1000000000
63648434 1000000000
90633173 1000000000
51016961 1000000000
71257199 1000000000
95698912 1000000000
93351089 1000000000
21369720 1000000000
81730699 1000000000
96536391 1000000000
84552340 1000000000
16891306 1000000000
56459701 1000000000
28458110 1000000000
41367753 1000000000
11447944 1000000000
56833437 1000000000
60454031 1000000000
39541926 1000000000
28176420 1000000000
42952949 1000000000
23948169 1000000000
58573571 1000000000
31608612 1000000000
57328388 1000000000
83423288 1000000000
29815104 1000000000
26532832 1000000000
67207451 1000000000
95513033 1000000000
17084989 1000000000
26627992 1000000000
38017685 1000000000
30578016 1000000000
42660778 1000000000
97426015 1000000000
59717736 1000000000
82247050 1000000000
41296710 1000000000
66120344 1000000000
81722094 1000000000
72394414 1000000000
27028874 1000000000
43639098 1000000000
88465307 1000000000
69592336 1000000000
33578398 1000000000
48029985 1000000000
66922789 1000000000
78577933 1000000000
94600825 1000000000
31256816 1000000000
37613094 1000000000
68190072 1000000000
68094178 1000000000
23910550 1000000000
72547734 1000000000
91268406 1000000000
94852715 1000000000
55896043 1000000000
57552735 1000000000
82660863 1000000000
94028395 1000000000
39441603 1000000000
41484143 1000000000
10041124 1000000000
59631702 1000000000
83024718 1000000000
56132459 1000000000
98708293 1000000000
74126703 1000000000
75456343 1000000000
62686508 1000000000
74380064 1000000000
11226723 1000000000
31819682 1000000000
56477040 1000000000
30523817 1000000000
1000
580 580 5770
519 519 5160
485 350 4820
32 0 290
725 725 7220
499 420 4960
467 260 4640
622 622 6190
499 420 4960
7 0 40
1034 1034 10310
499 420 4960
690 690 6870
37 0 340
3544 3544 35410
3544 3544 35410
3544 3544 35410
467 260 4640
467 260 4640
4 0 10
5 0 20
725 725 7220
725 725 7220
5 0 20
725 725 7220
499 420 4960
37 0 340
37 0 340
533 533 5300
4 0 10
485 350 4820
32 0 290
533 533 5300
5 0 20
3544 3544 35410
622 622 6190
4 0 10
580 580 5770
499 420 4960
37 0 340
28 0 250
519 519 5160
4 0 10
622 622 6190
499 420 4960
485 350 4820
580 580 5770
28 0 250
725 725 7220
28 0 250
1034 1034 10310
485 350 4820
533 533 5300
533 533 5300
533 533 5300
499 420 4960
622 622 6190
37 0 340
37 0 340
4 0 10
622 622 6190
580 580 5770
499 420 4960
485 350 4820
725 725 7220
690 690 6870
7 0 40
37 0 340
1034 1034 10310
499 420 4960
32 0 290
725 725 7220
37 0 340
580 580 5770
580 580 5770
725 725 7220
725 725 7220
519 519 5160
467 260 4640
485 350 4820
4 0 10
467 260 4640
690 690 6870
485 350 4820
3544 3544 35410
3544 3544 35410
7 0 40
4 0 10
725 725 7220
467 260 4640
7 0 40
580 580 5770
580 580 5770
828 828 8250
37 0 340
28 0 250
32 0 290
3544 3544 35410
37 0 340
725 725 7220
3544 3544 35410
828 828 8250
1034 1034 10310
28 0 250
5 0 20
828 828 8250
580 580 5770
37 0 340
4 0 10
725 725 7220
5 0 20
725 725 7220
5 0 20
580 580 5770
28 0 250
7 0 40
580 580 5770
5 0 20
622 622 6190
725 725 7220
499 420 4960
32 0 290
828 828 8250
485 350 4820
7 0 40
7 0 40
690 690 6870
5 0 20
690 690 6870
499 420 4960
7 0 40
3544 3544 35410
533 533 5300
828 828 8250
32 0 290
3544 3544 35410
5 0 20
580 580 5770
725 725 7220
485 350 4820
3544 3544 35410
725 725 7220
7 0 40
5 0 20
5 0 20
467 260 4640
690 690 6870
32 0 290
37 0 340
32 0 290
690 690 6870
485 350 4820
32 0 290
4 0 10
690 690 6870
32 0 290
533 533 5300
5 0 20
467 260 4640
519 519 5160
1034 1034 10310
533 533 5300
485 350 4820
32 0 290
32 0 290
533 533 5300
7 0 40
28 0 250
1034 1034 10310
533 533 5300
519 519 5160
32 0 290
828 828 8250
28 0 250
28 0 250
5 0 20
37 0 340
3544 3544 35410
32 0 290
828 828 8250
828 828 8250
32 0 290
499 420 4960
32 0 290
725 725 7220
1034 1034 10310
32 0 290
485 350 4820
467 260 4640
485 350 4820
467 260 4640
499 420 4960
28 0 250
828 828 8250
519 519 5160
580 580 5770
622 622 6190
3544 3544 35410
28 0 250
690 690 6870
622 622 6190
4 0 10
499 420 4960
580 580 5770
622 622 6190
7 0 40
4 0 10
622 622 6190
533 533 5300
499 420 4960
3544 3544 35410
725 725 7220
1034 1034 10310
467 260 4640
1034 1034 10310
5 0 20
580 580 5770
725 725 7220
533 533 5300
4 0 10
690 690 6870
4 0 10
37 0 340
37 0 340
5 0 20
467 260 4640
467 260 4640
828 828 8250
622 622 6190
4 0 10
519 519 5160
7 0 40
725 725 7220
32 0 290
467 260 4640
1034 1034 10310
622 622 6190
828 828 8250
485 350 4820
519 519 5160
622 622 6190
533 533 5300
467 260 4640
32 0 290
4 0 10
467 260 4640
37 0 340
622 622 6190
580 580 5770
3544 3544 35410
485 350 4820
499 420 4960
467 260 4640
4 0 10
28 0 250
828 828 8250
28 0 250
622 622 6190
5 0 20
7 0 40
7 0 40
533 533 5300
32 0 290
3544 3544 35410
533 533 5300
3544 3544 35410
28 0 250
467 260 4640
1034 1034 10310
37 0 340
485 350 4820
467 260 4640
37 0 340
533 533 5300
28 0 250
622 622 6190
828 828 8250
3544 3544 35410
1034 1034 10310
580 580 5770
5 0 20
725 725 7220
828 828 8250
32 0 290
519 519 5160
519 519 5160
499 420 4960
580 580 5770
622 622 6190
467 260 4640
37 0 340
32 0 290
533 533 5300
690 690 6870
7 0 40
485 350 4820
467 260 4640
3544 3544 35410
499 420 4960
5 0 20
690 690 6870
1034 1034 10310
7 0 40
580 580 5770
37 0 340
828 828 8250
5 0 20
4 0 10
485 350 4820
499 420 4960
467 260 4640
519 519 5160
5 0 20
499 420 4960
485 350 4820
485 350 4820
533 533 5300
467 260 4640
485 350 4820
533 533 5300
622 622 6190
485 350 4820
519 519 5160
467 260 4640
28 0 250
690 690 6870
4 0 10
3544 3544 35410
37 0 340
28 0 250
1034 1034 10310
4 0 10
28 0 250
533 533 5300
499 420 4960
533 533 5300
519 519 5160
4 0 10
533 533 5300
3544 3544 35410
622 622 6190
580 580 5770
485 350 4820
467 260 4640
28 0 250
3544 3544 35410
725 725 7220
485 350 4820
690 690 6870
519 519 5160
622 622 6190
5 0 20
37 0 340
7 0 40
4 0 10
37 0 340
1034 1034 10310
7 0 40
519 519 5160
580 580 5770
7 0 40
519 519 5160
622 622 6190
3544 3544 35410
499 420 4960
519 519 5160
690 690 6870
580 580 5770
519 519 5160
1034 1034 10310
485 350 4820
5 0 20
533 533 5300
690 690 6870
32 0 290
467 260 4640
32 0 290
467 260 4640
828 828 8250
519 519 5160
32 0 290
690 690 6870
622 622 6190
519 519 5160
580 580 5770
37 0 340
467 260 4640
5 0 20
533 533 5300
7 0 40
4 0 10
828 828 8250
1034 1034 10310
725 725 7220
28 0 250
37 0 340
3544 3544 35410
1034 1034 10310
4 0 10
485 350 4820
28 0 250
725 725 7220
28 0 250
828 828 8250
622 622 6190
32 0 290
690 690 6870
533 533 5300
533 533 5300
3544 3544 35410
725 725 7220
467 260 4640
4 0 10
499 420 4960
580 580 5770
467 260 4640
7 0 40
690 690 6870
485 350 4820
1034 1034 10310
519 519 5160
828 828 8250
499 420 4960
28 0 250
519 519 5160
4 0 10
580 580 5770
1034 1034 10310
499 420 4960
7 0 40
580 580 5770
828 828 8250
499 420 4960
499 420 4960
4 0 10
519 519 5160
690 690 6870
725 725 7220
1034 1034 10310
5 0 20
28 0 250
533 533 5300
28 0 250
467 260 4640
3544 3544 35410
37 0 340
5 0 20
580 580 5770
519 519 5160
467 260 4640
4 0 10
725 725 7220
485 350 4820
580 580 5770
7 0 40
519 519 5160
467 260 4640
519 519 5160
32 0 290
828 828 8250
690 690 6870
3544 3544 35410
622 622 6190
4 0 10
32 0 290
499 420 4960
725 725 7220
622 622 6190
1034 1034 10310
622 622 6190
4 0 10
828 828 8250
725 725 7220
3544 3544 35410
32 0 290
519 519 5160
1034 1034 10310
4 0 10
485 350 4820
5 0 20
499 420 4960
32 0 290
725 725 7220
28 0 250
3544 3544 35410
1034 1034 10310
28 0 250
37 0 340
580 580 5770
828 828 8250
622 622 6190
7 0 40
3544 3544 35410
28 0 250
28 0 250
5 0 20
533 533 5300
828 828 8250
37 0 340
32 0 290
1034 1034 10310
580 580 5770
467 260 4640
4 0 10
37 0 340
690 690 6870
580 580 5770
533 533 5300
32 0 290
690 690 6870
7 0 40
1034 1034 10310
485 350 4820
499 420 4960
3544 3544 35410
519 519 5160
580 580 5770
690 690 6870
828 828 8250
467 260 4640
28 0 250
499 420 4960
5 0 20
37 0 340
499 420 4960
3544 3544 35410
7 0 40
622 622 6190
32 0 290
519 519 5160
7 0 40
580 580 5770
499 420 4960
37 0 340
5 0 20
519 519 5160
622 622 6190
580 580 5770
37 0 340
7 0 40
622 622 6190
467 260 4640
485 350 4820
622 622 6190
690 690 6870
499 420 4960
725 725 7220
499 420 4960
828 828 8250
622 622 6190
28 0 250
28 0 250
3544 3544 35410
7 0 40
37 0 340
3544 3544 35410
499 420 4960
690 690 6870
533 533 5300
3544 3544 35410
690 690 6870
690 690 6870
5 0 20
519 519 5160
1034 1034 10310
533 533 5300
519 519 5160
499 420 4960
580 580 5770
4 0 10
467 260 4640
622 622 6190
690 690 6870
828 828 8250
37 0 340
1034 1034 10310
467 260 4640
485 350 4820
622 622 6190
32 0 290
467 260 4640
3544 3544 35410
485 350 4820
485 350 4820
519 519 5160
3544 3544 35410
5 0 20
485 350 4820
467 260 4640
499 420 4960
4 0 10
519 519 5160
32 0 290
467 260 4640
580 580 5770
467 260 4640
725 725 7220
28 0 250
622 622 6190
622 622 6190
499 420 4960
533 533 5300
519 519 5160
533 533 5300
485 350 4820
622 622 6190
467 260 4640
5 0 20
7 0 40
828 828 8250
725 725 7220
467 260 4640
828 828 8250
37 0 340
3544 3544 35410
622 622 6190
499 420 4960
4 0 10
580 580 5770
37 0 340
499 420 4960
5 0 20
32 0 290
485 350 4820
5 0 20
7 0 40
690 690 6870
7 0 40
28 0 250
37 0 340
37 0 340
690 690 6870
1034 1034 10310
499 420 4960
690 690 6870
485 350 4820
4 0 10
1034 1034 10310
5 0 20
1034 1034 10310
1034 1034 10310
828 828 8250
5 0 20
37 0 340
725 725 7220
533 533 5300
622 622 6190
467 260 4640
485 350 4820
580 580 5770
7 0 40
725 725 7220
5 0 20
622 622 6190
37 0 340
828 828 8250
5 0 20
7 0 40
1034 1034 10310
467 260 4640
4 0 10
725 725 7220
519 519 5160
4 0 10
3544 3544 35410
580 580 5770
828 828 8250
690 690 6870
5 0 20
519 519 5160
828 828 8250
5 0 20
28 0 250
485 350 4820
622 622 6190
37 0 340
37 0 340
828 828 8250
28 0 250
32 0 290
485 350 4820
4 0 10
3544 3544 35410
725 725 7220
32 0 290
7 0 40
519 519 5160
690 690 6870
4 0 10
690 690 6870
725 725 7220
725 725 7220
1034 1034 10310
28 0 250
485 350 4820
725 725 7220
580 580 5770
32 0 290
690 690 6870
580 580 5770
485 350 4820
533 533 5300
5 0 20
37 0 340
5 0 20
28 0 250
828 828 8250
690 690 6870
533 533 5300
828 828 8250
4 0 10
4 0 10
7 0 40
1034 1034 10310
28 0 250
5 0 20
5 0 20
32 0 290
690 690 6870
519 519 5160
725 725 7220
4 0 10
519 519 5160
3544 3544 35410
5 0 20
485 350 4820
580 580 5770
580 580 5770
37 0 340
1034 1034 10310
690 690 6870
622 622 6190
519 519 5160
467 260 4640
37 0 340
467 260 4640
622 622 6190
4 0 10
32 0 290
7 0 40
467 260 4640
622 622 6190
828 828 8250
519 519 5160
1034 1034 10310
725 725 7220
1034 1034 10310
690 690 6870
32 0 290
3544 3544 35410
7 0 40
28 0 250
690 690 6870
7 0 40
828 828 8250
7 0 40
4 0 10
725 725 7220
519 519 5160
533 533 5300
1034 1034 10310
4 0 10
499 420 4960
828 828 8250
1034 1034 10310
828 828 8250
1034 1034 10310
37 0 340
467 260 4640
32 0 290
828 828 8250
580 580 5770
37 0 340
3544 3544 35410
28 0 250
533 533 5300
499 420 4960
690 690 6870
725 725 7220
32 0 290
499 420 4960
690 690 6870
519 519 5160
725 725 7220
828 828 8250
3544 3544 35410
519 519 5160
37 0 340
32 0 290
32 0 290
499 420 4960
690 690 6870
580 580 5770
1034 1034 10310
3544 3544 35410
3544 3544 35410
622 622 6190
5 0 20
485 350 4820
5 0 20
499 420 4960
467 260 4640
622 622 6190
32 0 290
485 350 4820
580 580 5770
1034 1034 10310
467 260 4640
690 690 6870
28 0 250
7 0 40
519 519 5160
485 350 4820
28 0 250
1034 1034 10310
1034 1034 10310
499 420 4960
499 420 4960
5 0 20
690 690 6870
690 690 6870
32 0 290
580 580 5770
622 622 6190
828 828 8250
4 0 10
5 0 20
7 0 40
7 0 40
533 533 5300
5 0 20
5 0 20
485 350 4820
828 828 8250
4 0 10
1034 1034 10310
533 533 5300
580 580 5770
32 0 290
690 690 6870
32 0 290
533 533 5300
690 690 6870
519 519 5160
580 580 5770
519 519 5160
828 828 8250
519 519 5160
690 690 6870
828 828 8250
622 622 6190
533 533 5300
28 0 250
725 725 7220
485 350 4820
37 0 340
533 533 5300
690 690 6870
5 0 20
690 690 6870
7 0 40
1034 1034 10310
533 533 5300
533 533 5300
828 828 8250
622 622 6190
467 260 4640
533 533 5300
37 0 340
1034 1034 10310
519 519 5160
7 0 40
828 828 8250
622 622 6190
3544 3544 35410
580 580 5770
32 0 290
28 0 250
28 0 250
32 0 290
32 0 290
519 519 5160
4 0 10
7 0 40
32 0 290
28 0 250
533 533 5300
485 350 4820
37 0 340
828 828 8250
725 725 7220
3544 3544 35410
28 0 250
4 0 10
4 0 10
533 533 5300
37 0 340
519 519 5160
499 420 4960
1034 1034 10310
533 533 5300
519 519 5160
7 0 40
3544 3544 35410
7 0 40
32 0 290
467 260 4640
828 828 8250
690 690 6870
499 420 4960
533 533 5300
37 0 340
622 622 6190
725 725 7220
37 0 340
3544 3544 35410
725 725 7220
828 828 8250
622 622 6190
580 580 5770
3544 3544 35410
499 420 4960
1034 1034 10310
519 519 5160
4 0 10
28 0 250
690 690 6870
485 350 4820
3544 3544 35410
725 725 7220
533 533 5300
622 622 6190
28 0 250
485 350 4820
533 533 5300
28 0 250
4 0 10
7 0 40
4 0 10
725 725 7220
533 533 5300
3544 3544 35410
725 725 7220
499 420 4960
828 828 8250
4 0 10
1034 1034 10310
7 0 40
3544 3544 35410
485 350 4820
7 0 40
533 533 5300
690 690 6870
725 725 7220
37 0 340
1034 1034 10310
828 828 8250
4 0 10
485 350 4820
1034 1034 10310
4 0 10
499 420 4960
622 622 6190
7 0 40
485 350 4820
5 0 20
580 580 5770
467 260 4640
467 260 4640
28 0 250
7 0 40
3544 3544 35410
828 828 8250
32 0 290
725 725 7220
580 580 5770
7 0 40
580 580 5770
5 0 20
485 350 4820
1034 1034 10310
725 725 7220
580 580 5770
7 0 40
622 622 6190
28 0 250
28 0 250
828 828 8250
519 519 5160
5 0 20
37 0 340
1034 1034 10310
499 420 4960
533 533 5300
7 0 40
5 0 20
28 0 250
519 519 5160
499 420 4960
28 0 250
10
415 7
3 2
0 1
24 8
415 6
3 10
3 3
3 3
415 5
415 9
