1000
191 192
323 324
828 829
940 941
586 587
51 52
26 27
785 786
933 934
797 798
913 914
609 610
705 706
561 562
802 803
645 646
276 277
42 43
461 462
52 53
208 209
324 325
226 227
664 665
177 178
54 55
446 447
473 474
990 991
299 300
255 256
225 226
161 162
865 866
450 451
168 169
238 239
200 201
533 534
88 89
789 790
631 632
379 380
627 628
263 264
345 346
634 635
39 40
325 326
816 817
606 607
180 181
259 260
876 877
5 6
794 795
319 320
925 926
210 211
929 930
549 550
821 822
173 174
35 36
996 997
570 571
904 905
694 695
850 851
734 735
824 825
783 784
426 427
440 441
46 47
347 348
371 372
603 604
883 884
550 551
382 383
912 913
950 951
804 805
759 760
439 440
508 509
486 487
715 716
464 465
260 261
855 856
322 323
790 791
974 975
994 995
250 251
101 102
432 433
585 586
291 292
483 484
277 278
286 287
682 683
815 816
666 667
357 358
968 969
524 525
733 734
265 266
535 536
320 321
403 404
457 458
769 770
647 648
600 601
963 964
604 605
601 602
459 460
76 77
729 730
195 196
167 168
248 249
688 689
272 273
74 75
213 214
499 500
679 680
137 138
660 661
830 831
878 879
977 978
958 959
220 221
19 20
670 671
671 672
717 718
842 843
282 283
562 563
274 275
388 389
838 839
869 870
625 626
427 428
232 233
222 223
418 419
978 979
129 130
264 265
653 654
53 54
707 708
61 62
301 302
123 124
659 660
685 686
937 938
407 408
116 117
654 655
545 546
801 802
31 32
726 727
342 343
15 16
730 731
572 573
672 673
931 932
144 145
774 775
836 837
409 410
820 821
814 815
329 330
126 127
212 213
374 375
798 799
95 96
359 360
496 497
858 859
936 937
110 111
230 231
333 334
141 142
517 518
510 511
234 235
278 279
728 729
495 496
86 87
428 429
809 810
271 272
69 70
696 697
197 198
932 933
980 981
159 160
60 61
916 917
113 114
454 455
267 268
808 809
44 45
192 193
40 41
367 368
711 712
246 247
414 415
747 748
588 589
918 919
737 738
308 309
158 159
103 104
310 311
812 813
880 881
27 28
375 376
948 949
171 172
579 580
923 924
835 836
358 359
779 780
72 73
519 520
315 316
861 862
548 549
498 499
560 561
817 818
354 355
393 394
155 156
328 329
198 199
435 436
788 789
655 656
778 779
406 407
302 303
864 865
595 596
596 597
170 171
10 11
577 578
429 430
971 972
805 806
896 897
706 707
78 79
287 288
525 526
249 250
569 570
718 719
584 585
819 820
766 767
736 737
593 594
870 871
709 710
862 863
744 745
115 116
257 258
445 446
764 765
903 904
408 409
431 432
961 962
598 599
871 872
840 841
669 670
826 827
83 84
102 103
204 205
64 65
229 230
818 819
540 541
153 154
183 184
262 263
648 649
567 568
580 581
266 267
469 470
85 86
831 832
237 238
677 678
945 946
455 456
751 752
366 367
872 873
665 666
261 262
492 493
77 78
541 542
720 721
674 675
416 417
343 344
399 400
423 424
348 349
930 931
926 927
597 598
480 481
145 146
477 478
565 566
721 722
156 157
355 356
378 379
894 895
556 557
48 49
421 422
594 595
750 751
202 203
591 592
503 504
723 724
362 363
888 889
55 56
146 147
748 749
326 327
131 132
117 118
857 858
689 690
520 521
317 318
500 501
981 982
852 853
227 228
73 74
602 603
799 800
987 988
504 505
228 229
133 134
383 384
400 401
149 150
534 535
944 945
410 411
727 728
890 891
178 179
967 968
185 186
618 619
644 645
75 76
881 882
209 210
452 453
292 293
716 717
68 69
309 310
449 450
114 115
775 776
28 29
296 297
506 507
194 195
13 14
680 681
148 149
795 796
837 838
58 59
479 480
796 797
368 369
441 442
713 714
568 569
56 57
412 413
757 758
386 387
725 726
447 448
285 286
243 244
784 785
491 492
221 222
223 224
630 631
522 523
626 627
98 99
390 391
575 576
959 960
394 395
622 623
47 48
539 540
422 423
605 606
741 742
38 39
614 615
176 177
911 912
697 698
851 852
214 215
531 532
637 638
279 280
537 538
693 694
434 435
553 554
781 782
652 653
157 158
667 668
735 736
94 95
284 285
542 543
252 253
295 296
514 515
107 108
993 994
868 869
839 840
732 733
847 848
163 164
448 449
547 548
63 64
752 753
761 762
966 967
152 153
451 452
803 804
895 896
885 886
853 854
433 434
834 835
49 50
93 94
493 494
456 457
615 616
722 723
398 399
632 633
91 92
906 907
242 243
628 629
675 676
708 709
206 207
581 582
488 489
419 420
318 319
641 642
754 755
372 373
793 794
829 830
327 328
543 544
530 531
66 67
245 246
3 4
684 685
874 875
164 165
608 609
411 412
546 547
690 691
576 577
413 414
902 903
108 109
663 664
917 918
81 82
109 110
792 793
125 126
810 811
740 741
619 620
982 983
692 693
901 902
564 565
215 216
972 973
205 206
657 658
739 740
661 662
339 340
172 173
762 763
985 986
369 370
681 682
270 271
349 350
638 639
701 702
70 71
244 245
311 312
166 167
908 909
984 985
458 459
782 783
656 657
915 916
147 148
344 345
122 123
140 141
404 405
650 651
515 516
875 876
281 282
544 545
8 9
583 584
919 920
529 530
297 298
33 34
181 182
300 301
536 537
920 921
37 38
712 713
482 483
746 747
686 687
11 12
962 963
938 939
6 7
402 403
695 696
190 191
760 761
1 2
998 999
528 529
886 887
954 955
589 590
992 993
415 416
119 120
360 361
18 19
646 647
770 771
905 906
97 98
946 947
935 936
273 274
474 475
505 506
465 466
437 438
396 397
87 88
719 720
365 366
82 83
352 353
307 308
481 482
111 112
526 527
939 940
425 426
199 200
745 746
258 259
973 974
453 454
970 971
275 276
651 652
401 402
2 3
34 35
673 674
231 232
687 688
207 208
997 998
36 37
811 812
443 444
643 644
294 295
182 183
860 861
559 560
239 240
9 10
616 617
710 711
599 600
392 393
391 392
823 824
405 406
833 834
211 212
516 517
882 883
335 336
235 236
189 190
346 347
843 844
14 15
773 774
983 984
340 341
154 155
485 486
92 93
566 567
846 847
704 705
791 792
497 498
470 471
554 555
900 901
24 25
617 618
169 170
487 488
0 1
942 943
578 579
806 807
218 219
303 304
649 650
703 704
941 942
873 874
934 935
4 5
341 342
436 437
786 787
186 187
571 572
356 357
175 176
859 860
127 128
899 900
201 202
489 490
105 106
305 306
574 575
16 17
813 814
20 21
907 908
780 781
822 823
956 957
387 388
187 188
866 867
389 390
112 113
558 559
269 270
120 121
490 491
951 952
312 313
96 97
174 175
738 739
662 663
532 533
233 234
377 378
71 72
700 701
236 237
475 476
132 133
827 828
989 990
867 868
364 365
772 773
620 621
724 725
12 13
376 377
511 512
438 439
518 519
683 684
960 961
217 218
523 524
79 80
841 842
314 315
507 508
955 956
887 888
80 81
763 764
897 898
587 588
484 485
825 826
494 495
636 637
986 987
463 464
43 44
293 294
466 467
893 894
99 100
889 890
563 564
373 374
742 743
397 398
884 885
254 255
283 284
698 699
924 925
471 472
607 608
898 899
41 42
118 119
106 107
621 622
353 354
892 893
17 18
849 850
476 477
442 443
247 248
380 381
219 220
135 136
29 30
240 241
765 766
995 996
251 252
100 101
467 468
338 339
879 880
927 928
143 144
316 317
361 362
130 131
381 382
642 643
777 778
848 849
949 950
424 425
128 129
124 125
468 469
57 58
914 915
979 980
395 396
184 185
891 892
45 46
304 305
629 630
151 152
160 161
298 299
965 966
59 60
165 166
640 641
7 8
731 732
417 418
321 322
188 189
336 337
203 204
104 105
216 217
909 910
25 26
385 386
691 692
768 769
306 307
952 953
62 63
472 473
136 137
573 574
23 24
557 558
462 463
755 756
332 333
268 269
976 977
592 593
313 314
999 1000
953 954
65 66
856 857
289 290
67 68
800 801
334 335
611 612
699 700
350 351
21 22
460 461
30 31
702 703
749 750
331 332
582 583
179 180
139 140
521 522
845 846
921 922
513 514
22 23
384 385
957 958
612 613
552 553
832 833
502 503
527 528
363 364
714 715
256 257
196 197
844 845
668 669
776 777
947 948
290 291
613 614
551 552
501 502
767 768
512 513
89 90
280 281
162 163
854 855
910 911
928 929
758 759
678 679
877 878
975 976
150 151
590 591
555 556
142 143
633 634
863 864
807 808
90 91
32 33
635 636
756 757
253 254
420 421
50 51
969 970
943 944
193 194
988 989
134 135
623 624
639 640
922 923
241 242
771 772
509 510
430 431
658 659
444 445
337 338
370 371
676 677
351 352
743 744
330 331
224 225
787 788
538 539
991 992
478 479
610 611
753 754
84 85
288 289
121 122
138 139
624 625
964 965
1000
986034431 85 232846975
524226069 33 528428083
824507978 80 101980401
258070188 19 662320733
444272421 46 413596944
230003290 6 751777014
73723547 52 374438436
307244238 71 896893885
430137633 67 787890997
30289228 7 932498389
151023118 49 763837246
725296281 89 695049875
277579033 73 580377550
929363530 75 726152915
60490212 75 308569640
918751753 73 926889683
23647829 47 759855119
371429415 31 870319948
262367556 6 863206328
928576732 17 183542468
40673117 95 557762590
651253962 67 495699059
431901346 93 302023099
375263518 20 601024331
910778821 11 204490528
665876939 38 428376199
45606239 93 383913900
219012205 39 318788772
523703655 34 520081772
897372524 43 178153787
683794743 95 545232410
772271585 80 749606792
731985325 6 649873808
157091929 56 953943839
552653142 79 305604442
589675635 9 420647710
371346738 26 154989170
841396026 53 843146768
975812846 23 487477729
796867634 21 304935976
678996882 23 208770150
692656206 26 853681520
728205232 57 469282786
708597116 52 689379425
631706464 97 972767505
989775687 5 832060426
78791534 85 292099987
482754393 83 229387491
810133636 30 895828735
152871808 23 390776054
487097257 39 134489482
33032871 57 376468245
85536518 19 430055751
282137480 7 772635640
731854122 67 806166963
113019998 15 849186507
674705342 85 541404255
275500969 97 909061730
123792237 47 583143348
739687548 68 745561016
67512740 97 486552153
207699411 27 690643023
337517886 9 170492016
564339048 12 102879521
745926307 95 250547008
634396865 47 526155188
782769584 65 862272363
777560033 74 147789323
964224711 43 156196225
957853649 50 252255757
222421136 20 420220750
489992951 95 795199359
76632253 6 819502717
819382823 61 968968887
190182545 72 881282164
271287770 33 322524217
152713770 55 612777709
530643953 23 518980603
664030588 52 300328252
560601165 80 581855617
833873360 39 955493456
422755168 74 824428854
363805120 77 301681181
635815099 20 791043493
780915878 1 128988421
879026712 45 617679174
401599264 63 384452708
388758976 12 863321901
146129706 55 254699127
812622230 54 764050884
512382875 94 147583958
273655867 15 730456548
665485954 84 185782959
315544536 64 102757657
152777074 3 771845774
771979146 39 812025842
808587419 12 929311534
184696989 34 535114353
760149815 96 395418594
715401622 62 189258359
162693344 87 170682274
371368433 11 285331704
327896697 22 581756854
749695493 38 517690421
670509381 7 557356699
886945854 20 319091151
467875562 98 426599156
330823156 90 230753956
464836829 45 568875889
659647035 83 136945416
363070610 25 987568773
80224415 68 644591662
394093136 61 986440135
409390182 60 364396769
732713518 86 940822633
763487137 11 339805640
878539760 63 445116716
181670967 62 945860640
528258459 10 540024433
69348140 55 239883496
319367512 32 251010491
693475991 41 965345442
238422596 69 157705797
699789443 47 985905178
147970982 94 580061312
779201317 8 324989750
804610263 80 668857103
894375763 34 929364756
988893750 35 380396748
404400066 40 592564941
753467383 1 691158713
348812238 57 134224485
254850944 95 927540820
894138995 16 206311121
866347433 71 613067048
532836802 17 291022766
348541942 90 564734664
559257012 74 372954067
854462223 13 177273699
138873255 0 176085304
591655684 58 691691000
720595992 81 830378795
415161039 77 785506216
572452992 51 914567597
48593801 95 965475238
521205400 83 319274776
278866750 43 993483151
873313081 43 726710368
171963138 53 504726123
517980648 4 481983422
826587606 55 735610832
288883500 7 438832241
149056025 70 775584711
952791115 65 534945926
756790218 75 719024373
434721104 64 406997519
222862483 49 231007907
769615748 78 602177439
241076396 65 850915824
222764220 31 651215841
796855967 29 672161118
787585960 20 890309323
301163563 79 354381594
31705850 82 838662167
406802207 3 204805322
438947499 71 952268815
545108009 99 854079848
405763644 53 986528044
669934199 91 690485591
943096999 94 413256665
32036954 94 743031417
728985252 69 373593927
692064343 86 986298540
295297579 13 794072248
806755992 76 223970312
152442728 44 338672044
71069950 96 734527150
715787898 79 715830363
429391491 39 440443008
245575067 96 537823947
39181071 43 775970901
712541643 15 188211115
407692833 74 294710324
389663061 86 501310137
964082030 72 692544453
979547444 53 432832158
294532787 39 459462377
888871085 49 844143869
539358599 40 818101880
413311114 77 627803635
111306097 69 944000025
363663841 74 250877439
989795144 28 728558378
334730218 86 377850799
227860970 99 951717344
248738874 35 411494294
686469140 20 918396244
820227271 87 415866175
574396534 18 899485207
696554070 20 879729592
438349436 91 221865996
5666234 43 908094275
480994351 80 352122295
215533349 30 158147205
872092478 92 826468217
441871504 99 811816474
858660522 99 287908925
757259467 22 534779522
34786873 78 586207571
713197457 37 497578531
987009627 31 394409601
960473593 45 223837178
710471884 55 893170930
199622692 17 842230922
971600192 48 549286901
911732009 53 346675549
999358103 10 575738005
363068119 48 527667332
121108862 52 777854782
584785114 67 891175796
779937088 25 437171320
6110999 68 996637043
310339133 7 134798540
188244594 63 785358694
498934344 36 938740748
226272097 42 560370681
315057073 79 904717651
493278831 74 869963253
471002255 52 547844515
770911868 50 877975393
2235466 68 833945096
727979836 97 586166258
499117649 34 253167996
651505682 12 786098311
583725961 13 934862052
735370104 43 728748097
752915034 75 791602172
470843780 82 808942145
37688629 41 766746959
684435587 68 131081377
462545233 39 827851882
97304960 53 925344280
762753219 71 350794234
670627306 32 986727350
512482940 3 120569670
402707071 88 203500872
111691065 37 717676390
204543377 11 973552180
992691089 89 688147957
687183978 25 985049326
673209297 14 976959191
385823534 92 661551775
668990430 44 412758711
18936539 95 726390061
788345275 88 881421149
973115036 48 274466392
214051922 21 492341987
631284691 92 357190760
631549390 82 878163254
191130921 67 818481747
562153957 10 727100757
648953644 45 178087039
462945878 74 141455585
315053843 67 221743633
555178676 67 660004698
42125459 21 573698848
775581333 13 137097069
978450115 21 430257220
873721566 44 196903171
572878071 42 438019786
852575606 92 148158339
217871722 75 958316901
968943003 81 909147211
719169877 45 192424164
99034193 35 717703758
944345070 74 737728785
431207233 44 777744972
581088199 72 540229418
329322137 62 374970657
674471023 24 708010401
71522330 44 860983204
716466432 18 246922444
240761253 2 645892024
237826180 12 307488880
622700956 96 925674124
338890262 79 872575499
279210501 10 591920575
315915403 89 406151968
61427355 15 937792846
480057884 15 330272935
95680612 49 326517060
73755131 61 845232098
611115301 12 639579300
968735919 99 399125123
418115756 9 725842390
144097955 73 697503557
423077147 67 182073995
991817163 25 967394752
861498637 91 791421166
188089554 22 418470216
290384671 69 546466309
186691820 84 992992714
107012007 63 475274065
194770608 43 201312476
754480878 28 666805797
800005307 99 344404844
663198948 81 842773932
340617725 50 882447744
579650381 74 395945720
636561957 37 614760803
841376319 6 845887805
3889706 36 842238512
802366706 50 709395218
147885768 97 905276267
555976145 3 572772503
324339274 30 357768314
836592660 8 824861658
797010943 29 592862670
988424638 59 357802868
65285000 58 657813342
746012835 13 198955329
922354530 1 750725795
859470416 70 272207249
288486151 48 383769599
145131925 78 270491404
290589678 43 136229483
100039217 100 882858754
359343924 46 960199401
587106726 19 353423807
943122191 28 322067497
781305856 16 520454870
240642244 78 743870352
430797885 27 180310320
13257115 43 549595183
573915697 18 894596547
247523091 15 927056371
373481062 73 975694492
683845520 15 891727192
430154672 33 533868006
682634089 84 217235869
265250884 61 717631452
42300376 23 242824674
264649400 84 217007357
25300730 34 812956594
826064100 84 112506878
730817875 73 817842826
563591264 0 610801305
453118862 25 322555915
889462469 86 668869220
873080898 68 878191224
869148918 98 681419478
231359938 76 241617637
811150470 1 981528537
47605213 42 797119036
682801241 13 627101654
206009933 24 727676591
465802843 57 367091473
443412828 37 223675573
567304849 89 325915924
526637827 18 542507579
82059526 32 485579601
722906413 0 998727163
90859906 59 719407583
600951078 6 634400605
358303037 9 563863027
247633294 81 539480212
154165306 25 425858904
983673584 49 915932970
590134170 78 642935932
88564062 23 221192635
340316644 23 825212495
945507637 10 917519940
422750736 96 542278782
809114067 39 194870488
344663310 24 363238162
276379876 78 305645914
696967122 97 545865820
542755232 64 456206100
265798132 29 249523793
622281233 8 689154818
12360172 72 474948836
826989374 83 951147306
164249089 6 294056834
465875243 29 540013709
415774992 62 805853485
261331690 100 144874863
184047873 3 722162850
46228154 79 214982887
8562690 37 835598859
222931992 94 761517393
797484681 6 189196806
981752612 11 376091657
323512459 31 554077847
69492093 82 482168190
711374634 63 334176710
812614166 25 835344172
452930799 0 979703996
227165089 96 428654790
829417550 18 994192936
445267155 14 908316653
381112510 41 491840540
218299911 20 151843103
398450720 63 968507467
706461267 27 810744916
652216067 11 171235586
644087692 5 494409120
165853842 95 324488281
166963850 30 300198412
863504985 79 903323557
528176748 16 854501981
116882347 15 377736449
935931777 88 489360710
48723984 84 304199730
290988927 12 840861880
357639128 97 765398345
150410189 45 941801977
545905657 75 846129751
822068521 5 360938683
569749654 62 306697270
576359708 51 743967701
319349819 27 472122167
944883690 0 284622232
231429721 59 863000686
71627531 90 588337184
593545480 66 102938689
192595492 19 488963929
980702848 100 179796906
500210504 62 185642885
74014964 75 389699699
449209212 48 400154729
84944511 85 288581528
247320026 47 851498903
597976162 29 254867462
371100645 62 863661056
429402107 1 495868828
777100094 51 504318347
583957214 43 320187337
718730679 65 421722452
488538840 82 319294854
30106514 72 874071798
710998896 73 700814400
355794267 100 986044258
697122019 66 191572356
228884575 25 758544756
745141491 14 912389422
289649640 19 442024099
803376913 22 255985003
742688792 9 116987017
381174325 90 868305444
909267963 46 955355244
528668739 81 899804703
709149311 39 160876177
32347444 66 744985122
713492016 33 692793206
242945407 84 979306042
182851080 49 212193003
550352736 22 859040649
483163260 69 584318082
918637390 84 278875453
34549827 88 839241835
407063215 16 890901671
246145967 49 477353461
419103894 74 288282115
436470384 51 298732258
130425690 40 608448837
181305947 98 752337804
668281778 30 672645084
692424038 20 387010045
37995893 41 837017509
405986460 10 418481066
955482872 96 284953812
996397999 22 526807843
183350071 90 695360271
30325364 95 797764103
24933286 92 553338120
71781832 15 450844071
231400456 10 152106361
145578185 25 194132029
193851552 16 773568777
47238099 41 105438820
904082393 41 760091362
747342722 98 765835193
62149281 96 782683716
312094172 29 180159930
755076883 83 779713529
320039340 65 254952714
192962120 64 526012369
859947842 96 719987276
786622451 20 926522233
510007784 16 741575434
164620782 3 607742555
638126532 29 831500917
821449441 21 661615837
411596697 50 897693574
587434817 59 815282717
866431574 61 622697874
394142379 53 441073918
469365942 6 335313499
46448138 72 323067577
360406797 73 506980975
126059549 3 915726109
666714459 82 414625094
960047788 61 357039082
849517195 93 993992599
559878534 31 917528080
996791446 34 372241502
50498849 89 838497863
698347478 59 194144068
699195408 38 529957424
331844416 7 417187701
32938881 24 570236283
877989364 70 501587754
91788005 28 178855808
572014814 50 813202044
512878461 13 598296442
62714010 72 351862558
501425071 99 922027450
733838155 44 803387343
164429034 3 683592166
417559417 53 504626705
582904626 10 471971252
334716999 90 368043945
508519939 26 593000985
916038454 52 458708951
34253965 0 516053215
792967012 80 860684757
256608622 100 257946853
376105070 10 350140423
20418492 63 377625871
132366478 84 849067751
215720457 50 482442605
254043593 92 958182153
530063668 80 258510496
34998548 64 395725726
403856834 99 859170393
330939168 97 564242603
549203676 56 962639412
836645813 62 410654734
81796179 41 548052350
10356204 74 115755851
32924024 95 860440015
622046528 93 237530867
63087778 78 898441941
270132539 20 534680744
179353938 99 192027078
977293903 26 206362057
965662123 97 363637362
353934716 5 157258560
997071843 43 702735593
575271411 19 686145143
536971955 2 307971537
695632717 91 699715793
965155265 84 617324445
336726327 22 424285807
790138650 59 847049973
898047026 23 711663043
516033754 22 831728823
160165519 34 592345421
526500413 78 172570216
655633634 62 262184740
51561348 16 219342556
546728579 68 849254309
418605092 59 125758454
390651208 10 972754005
611254409 27 543040865
850870514 21 972260548
348914195 82 463029208
938026368 99 687465404
492786191 64 535956643
388943548 79 523888939
92753396 95 340519744
151696162 98 703281109
283399389 9 316402360
281453317 28 842172756
955724206 39 971031973
444327300 91 216822805
455748424 75 921270446
279653358 23 652156228
422626250 54 595099495
60759144 10 286247743
139948723 74 522524006
678163723 43 348191958
225890183 21 713494990
314111990 72 522044562
541855065 50 770227514
858309102 6 204104876
41993129 29 396943800
78858435 23 680246362
344333735 58 128940989
560064828 4 276328753
723022745 33 682659211
578779179 26 374419295
471811867 95 107553384
986993088 33 126724514
153328910 59 902153271
763565554 32 309502842
715865466 95 398156573
767251689 63 767843369
622803032 27 930467421
24560187 79 508779726
386109519 24 109838512
619994390 21 784377853
190115792 33 965038501
734224618 79 416500802
612193510 5 534509803
678284223 14 614309641
56773720 72 747580551
307128114 98 665834570
953505582 52 881505841
77848152 2 657670040
300565037 64 494699303
969557407 34 589793201
346685209 20 629847449
521964236 75 478467803
64759011 41 300999009
473114629 74 134859141
505402306 23 112282212
325191856 22 684782149
330191568 96 230615669
29709537 32 706878034
625056752 5 898706514
37672327 30 518106282
279696918 44 184207817
990590865 32 981902775
649078412 13 681977169
388627034 63 497147618
168581956 87 100936895
196398612 88 923331264
373562828 5 370612249
592696760 98 142395464
859589884 92 178895287
776947178 54 334807948
337609871 47 119543706
467163609 62 647405871
792660848 69 941601209
27785921 29 989236537
637477601 94 746409440
191308321 32 990735598
752613873 17 756280935
473899990 33 421051896
15392040 52 820307979
190348090 94 922409145
415748066 79 650607746
913569255 78 202901514
765622757 7 709796876
371785271 8 370928293
171335715 41 239187575
820019459 80 642808401
251086703 69 569904625
354827206 93 191648341
610590501 41 443060686
94146760 42 868361051
537687825 24 582435456
634804412 54 340304298
215878791 94 606915864
76655009 82 124535055
943100919 1 248570681
834724902 0 189580714
8196550 97 586916139
428036811 95 294159731
96658371 46 266609533
196776878 92 777874157
286686301 96 276751114
461279315 28 961296864
57401980 54 529426579
68318219 57 362075225
1468478 11 469019692
439506670 19 981251941
584757240 74 787240389
935374826 57 594799229
663107440 29 845864041
191834651 77 420823386
995666673 18 304511447
156099597 69 834691387
215913772 49 622489433
544508883 11 841505458
443339459 55 703520873
87057089 40 833322711
967559096 100 995498105
459772103 54 501617447
755532478 46 553129167
501720602 26 827545266
97849840 93 814533368
691306483 88 903820760
46687792 13 344175694
230831328 76 487306354
408065541 0 175616760
2262403 12 810296013
971659995 49 693687690
349859966 53 400469307
166923187 69 615374036
528800853 45 215622516
245384311 73 614057189
107954737 78 202257654
532791724 53 267186569
260877596 20 527658701
983814716 36 909523464
926726401 43 687312024
875044198 33 587966834
218531450 57 169397532
864985310 17 111592292
825672819 45 739926419
173078143 56 856991139
555551163 37 817185021
922208856 15 863732877
134797728 28 120021481
823794095 83 344834750
966082095 51 905097057
397368975 15 584093185
271811059 96 504094816
416044277 82 558866348
848799867 17 102953388
938711718 35 705662460
105383743 47 257496118
763105819 52 746403823
506510693 94 862909750
3258080 29 136174889
643795985 81 133698876
651455494 15 566669267
261822472 3 913659202
877820912 46 181070873
962085183 59 953022711
886846350 83 568316307
146414307 28 242623230
446496643 16 613948754
728084075 95 927891113
2235751 4 288012404
209650083 50 106204333
181621117 72 475196750
709316558 37 279766500
293747531 8 684360411
808677485 82 109317860
632744710 2 957409902
941829319 12 517980051
854167110 43 531290605
426658301 7 927705797
776335805 41 785594592
180451899 46 657979348
63692671 70 905280448
624898811 77 751144816
848753931 0 972569768
341246478 61 100233206
345753764 23 989630853
935308030 18 880698762
318756702 37 167624616
460840732 29 187548641
763514784 33 601157848
665678156 87 660640470
249045793 76 794566145
61015590 63 516057495
605649369 28 537678278
855834600 38 746576987
532380613 0 438758452
752094151 55 544701760
343362513 58 276425601
219079674 39 982523493
392515315 46 448036914
539534489 53 178948505
616463525 96 260977995
544227425 54 765157002
941393586 38 897986393
246008634 1 993477068
268069316 35 758088751
491495256 53 538099888
533359827 83 675313437
355327556 13 942023220
538097311 56 976423841
301191125 40 732076857
572958150 6 314681174
327921695 46 539020952
83875124 2 914790472
519589617 63 157345114
489427967 8 974060386
498129259 21 690004140
462406151 25 699438048
216208990 25 814688190
524319864 100 506208130
610564134 36 390433686
688629753 68 157490667
850025411 94 825653024
525831830 92 276539642
906375984 71 467099630
129274950 71 745408377
776387678 81 244779109
829246931 3 226718792
19882702 14 728010740
313009382 82 691731569
127983591 65 981641843
524794529 26 884554587
325455275 38 401877634
301366140 67 274843056
794887163 67 954290341
651280099 52 988033721
40242715 39 178361267
497977605 34 444180237
283374543 73 733976297
478534171 98 125379350
8893952 35 338643001
258111877 68 373836150
390648978 97 518486553
605085117 36 288061552
300409834 74 575653877
829854153 41 757479257
765953094 38 404717106
356986924 55 818179686
730948318 8 926845926
126411521 2 742944507
9632866 3 161342027
439861843 37 354179195
262756821 97 606399905
301298142 39 619772221
893372416 63 939980438
299913033 47 193411466
791157219 59 301315760
495810637 62 298361286
515762471 58 229797870
515705467 28 569781497
656595177 71 250685874
919962092 82 131827862
426008096 99 298641252
903146360 86 646792393
81049217 24 134717479
750077840 10 493422078
681095721 38 577913840
877673092 41 376463585
30220418 88 402113616
5089681 16 543198808
333261108 61 934068246
290211330 60 432299897
593231602 21 842463781
657932683 100 917994303
457734042 90 819214938
910964787 58 310554983
441369045 0 686762209
72648075 30 793911509
446206325 8 970128421
304461723 71 553379713
220852316 68 175975574
118807504 1 771362598
806863405 99 597537928
565342333 96 749893371
523582407 73 876766612
112961915 77 642160634
725232207 56 501307620
220421965 41 440514168
182133549 24 374795912
623061939 14 917695047
755747448 24 103656021
151808704 3 873376260
404614412 42 949819664
982945064 15 255044451
60917732 21 583000073
849116385 65 944150107
604723874 70 184191130
551834659 36 420518743
499058193 61 631103327
952485319 35 162630669
242590902 86 972410997
3587700 81 601047292
82130175 79 982440089
302825680 70 963720771
858780548 22 510644703
682512427 71 628754392
785248414 81 881591132
855142155 2 706530430
550227107 43 166327206
428484615 93 345014466
795539517 90 587047626
23317328 30 958026693
807677235 10 228651127
552905123 15 918443447
678420742 58 692090001
640261332 68 218898111
36385082 16 270481968
950480020 70 881535622
481379961 92 264325062
823542489 34 776910278
794247873 64 950042890
59236355 56 524198427
738657417 13 311075051
426510211 39 744258874
422793807 93 774692452
383583672 72 796327927
582629338 24 726315607
136272322 33 709095325
696737978 30 159847023
487101999 45 319891017
979791013 43 263426333
118339157 57 437782991
183515392 69 980683918
548093801 49 739287908
77120761 34 191544275
863118206 58 729081429
983611420 21 629559354
569148990 76 345719988
877629542 11 246193418
803325411 71 847027099
59743154 43 141182790
269423577 78 308119497
716432722 53 620548141
902767390 44 121300426
332905076 50 268635283
197016723 68 770102095
629273563 20 798019119
27202512 93 156226010
637384140 66 927613507
224663094 52 156457109
215588978 50 617384778
616760272 1 849852424
697719712 74 371791757
327778479 74 487897202
958174348 48 915754998
655789387 13 558139080
260182264 73 951639641
473128577 72 869520773
699295396 27 395788410
796606067 87 274820570
824520718 30 607812629
105118586 21 451724516
650503087 11 945133135
64242286 18 372837643
882776363 60 859289983
258241240 21 461895974
76925613 18 502362433
447119517 84 875689800
418691076 94 689310450
672834015 59 460286831
907427315 68 529966150
24530386 70 613517078
375652893 77 362101723
197938628 84 845027787
326082772 81 818108425
709366102 28 858924228
664194663 15 262152577
338399261 85 662639661
382060444 16 600504726
479063187 82 484853825
282247055 25 831479743
71686312 65 238496179
977499255 88 748293940
459598746 28 517995179
478135236 4 113408487
382937580 25 474083365
366254157 100 555405008
188636045 42 983065532
886929433 12 139663624
234963874 81 730529623
718671440 25 533725166
603677591 87 349469939
131414053 41 482403246
969958840 82 467495014
917231013 97 608632978
25157889 35 151300385
952633278 38 946668820
459151454 39 636477524
91818710 40 424630741
404458496 64 895698331
837938811 21 799899058
82054930 66 250520728
38915166 18 464085527
204382882 88 246645415
592403591 61 292721567
401936108 24 375404890
417942462 3 379734763
610252044 79 940486414
34277789 5 653827938
459464892 63 198963518
13288226 71 905714832
216368599 67 501805181
952833672 69 734903723
759226085 65 179803272
607972798 36 861901564
114913758 42 998826188
314443622 84 946734437
350633948 62 824207664
667335958 89 314401637
585129345 44 635044063
390350776 69 545669298
580608129 95 451378787
36885178 25 966394510
533349605 96 874422219
390043537 95 609939707
375796737 9 955969604
306062504 76 732696555
874048411 82 186975583
190687450 24 945857678
850500274 77 797483490
413643706 0 316354226
885207836 53 281399082
455999523 23 711745892
866753844 82 754684922
586552133 2 194158393
149593517 64 643342205
519768822 76 759837202
957934817 14 903087300
419787175 72 242806738
810547427 36 698662330
146359752 97 709765138
256855926 20 732032226
190594143 15 432243092
10
521 8
919 10
450 6
341 3
518 7
415 4
127 2
542 9
116 1
432 5
