100
559 53
172 22
336 35
898 90
545 50
83 14
710 71
778 78
968 96
251 27
525 47
667 66
928 91
579 56
187 24
534 48
996 100
770 77
54 10
541 49
220 25
570 54
106 15
311 33
494 43
504 46
814 83
55 11
65 12
756 74
501 45
485 42
813 82
152 21
24 4
804 81
761 76
818 84
680 67
378 38
841 87
460 41
654 64
367 37
644 63
77 13
20 3
759 75
655 65
892 89
139 19
299 30
310 32
827 86
699 70
983 97
604 57
45 9
826 85
261 28
26 5
308 31
431 40
935 93
795 80
958 95
146 20
751 73
558 52
988 98
5 1
783 79
132 18
31 6
250 26
571 55
612 58
850 88
380 39
637 62
176 23
931 92
991 99
555 51
34 7
124 17
617 59
264 29
943 94
620 61
329 34
619 60
737 72
341 36
14 2
687 69
685 68
43 8
498 44
111 16
1000
796738739 18 201120562
667381804 26 980954114
183969977 91 870292156
474975870 26 359668528
319338096 92 123009704
502879905 69 267381850
226847174 59 265864491
930481066 79 655350956
58145272 4 119292615
494359783 53 785931918
788054750 76 830096396
760544591 50 573802222
975000 31 176325200
350616008 11 351541207
652268459 75 210230022
741863561 5 687801952
56830478 40 915167916
458747141 36 755374556
197872931 69 669874208
716436503 67 863024601
229224735 47 644842115
389729056 97 377971965
10854656 82 248316751
248222913 13 869526736
997421645 35 665371021
799984796 46 821097256
311582204 51 384807506
360268441 30 822238853
466699082 8 498944192
523323135 84 601487553
980833 34 521886968
434606661 3 372963118
940636635 59 715365672
688054275 87 614288766
430837940 20 183916485
692417712 38 640166109
655933785 54 894096649
534089795 7 170814931
201283728 21 543920897
824948578 7 591402921
982720607 40 329582649
584627674 39 302433579
346997323 17 880072620
467586240 7 647835021
249869407 14 711958295
333969522 26 789479802
840903250 93 696719561
288056760 0 163566801
500456970 10 303333505
751315677 2 785020858
406297301 32 361491912
953432092 40 907497321
33941669 23 684265654
924913812 78 227278491
128841812 27 996590753
503354980 42 633969135
406358193 37 454375131
920672980 76 524910800
604563059 55 430921169
671728447 21 315336453
103863585 60 105932358
846241975 38 758515768
577495595 55 376552315
969287372 85 523223583
583848143 98 374132003
953751675 62 846096337
940724670 19 678340323
763452604 55 959939186
774107079 98 374130193
395610277 2 604379949
941808403 62 199240461
527759913 92 974618100
815467222 1 910777698
719709895 87 167689221
611686488 20 246143888
962690562 43 680556059
740037231 2 301808592
879226320 5 619243683
890904425 71 954235402
158320495 10 385478845
437161083 12 181344429
502961346 74 434798319
9586914 16 595529094
964772748 94 998011574
872995188 89 329606096
936370516 23 801784326
425298644 58 404879662
296199729 65 308718393
770589456 47 707393594
129112232 79 432672373
340404141 45 491406712
185248314 20 325156476
57305298 63 808552168
571861063 52 705006644
904502157 31 603790643
827304724 40 859118948
898861796 51 420384212
271402140 74 724145787
123622659 53 532298926
939144204 53 107566410
269266910 22 107264558
163159411 19 810425035
693388373 47 496329487
648806297 64 992998635
102559077 42 558487327
889241521 69 147058619
277589158 31 800160767
384156427 88 928990193
87786287 16 906712159
830011293 89 978577918
936373917 51 654078444
81436458 29 487446348
631286763 41 909589811
558068808 76 283714520
190936641 53 659163886
202755984 83 538956074
62028202 30 834541799
525510856 70 913222408
434627845 25 686281743
304157552 28 708778240
942291129 39 337205401
747428960 28 379477982
624641931 32 673261675
214296772 73 538878010
142975575 68 676425713
573820354 58 631102233
987575556 68 148379724
988057114 90 430461036
571293091 75 543712941
790455762 81 398832512
973950870 89 729982729
307003972 41 334485725
633921393 41 939536147
148455270 19 203177729
422246542 34 525532664
798818693 43 973953061
391672288 99 992648930
796816976 25 998432592
368237630 43 275028902
227639049 23 863229263
62823106 78 361893191
638459286 56 891984682
676232536 4 520124875
406816099 68 384648581
83879054 16 423857578
896262336 76 993050596
954251782 86 282279055
928232595 36 706769681
943950846 15 282963634
537183099 18 352472031
830434201 12 902179949
770167246 47 812934485
407071299 0 462291068
803551170 96 121852892
124029892 19 709851296
920840145 94 486931157
280817701 80 275520901
862959426 74 508269584
820599972 84 305786046
177814183 27 790546480
186044601 36 209695350
520219246 10 906893227
511142822 48 424775742
622032208 92 662507879
699676549 88 106182110
26101407 75 770635039
344985803 17 559713673
401018313 99 855499263
305722289 79 335782940
354201706 99 957198144
862119962 96 521862214
479005416 45 138652226
156106567 50 184453424
836413657 42 516153957
564005734 97 265801146
141433279 9 983259210
270239881 49 247184677
247579238 73 507268047
771359724 68 406587303
836260298 20 414247552
294710354 52 199435311
118930182 15 844157100
713759840 12 382147068
681459229 0 613225575
814883755 1 625623054
584604459 53 795856084
395748754 37 377883309
482801954 35 646871619
59347276 8 914120210
924847134 29 697132938
837844828 76 916816206
822405381 99 491790822
771967347 21 580738008
687591743 37 724914967
184890545 82 713810897
406671777 47 708851572
315830882 12 274992888
65927288 42 673054015
595163933 99 362692413
764874029 99 218573734
677637579 91 303007493
233860038 27 606410079
748440806 12 731741949
480599876 25 167321639
340812614 27 739896431
906516961 22 842689531
332158225 37 356260535
625671805 60 197589785
536593600 82 105420381
573245117 35 698507317
305813141 37 892331904
478495708 9 535647611
872406495 45 251896159
683936366 62 697980948
145361607 25 402139851
354535133 26 697430323
728333290 51 161447200
818905274 61 694696647
550375096 85 528479371
544490045 69 701033623
666244384 19 308219063
485558578 81 109599295
651566988 12 973301151
193184087 82 196173025
254983183 26 401754050
904777249 42 386778481
581805517 84 381875697
87692609 59 352541510
255025296 52 107119813
10695600 26 579225376
133502902 42 477170670
459869566 5 184552203
341953011 48 445076383
988106956 51 343713492
872319696 28 593746676
691866367 25 173767677
309520085 54 829533361
297618501 32 568399837
985527104 83 930781025
71864556 14 425758991
206371440 4 861618451
18941994 37 815908984
780296350 89 376104127
332454397 10 995132885
327844556 4 545876547
664621661 69 630470921
698075896 40 679235963
381150804 13 344661088
12304713 31 849409836
523702024 14 735667443
249716287 27 550092586
963944756 16 460907992
942670221 43 731599558
613660126 99 533611007
634485605 28 421982617
357217352 97 198274962
698787140 67 213583223
244162063 32 805606382
46080442 35 379955439
419069975 62 446091847
229015432 90 885943902
429274676 24 763939300
683547082 22 624700772
704846945 31 500749809
41845407 68 431181518
874759318 36 850143837
685162732 48 137027648
338759567 46 710859363
19403884 54 370150353
141842261 78 138076744
157223293 53 378024773
115250333 81 866587151
763171527 8 798394482
675442461 93 428716234
938459624 3 874909116
897665701 7 860367236
30952474 97 461620319
654092648 95 733130044
224849249 99 850036927
749817281 27 588511951
121595614 11 294943994
132838908 82 426248227
845477055 0 296891162
331863728 38 770984663
526561983 68 266281683
404359233 87 485318688
185494990 8 749508021
452441659 34 285860603
466590591 84 943354990
582925366 64 887411206
599650968 80 521405086
962334580 25 863981278
324263753 99 367161859
571718574 62 968647590
935673634 17 765107086
261035520 46 282922666
748508085 28 398840253
150855407 81 787759748
743465611 83 219246215
973438937 88 679194768
371650995 79 778529138
184593086 11 892747504
370371045 60 462605536
440567366 15 935684555
596648820 86 825732648
612156373 49 427230921
158305627 17 640919887
552632892 99 315625035
672777530 79 358562822
353363707 67 993358168
806181110 87 145987133
399441930 54 493351211
967438892 17 787486827
418643525 72 873484868
79475941 95 769045689
154141467 72 685479512
652064088 88 787822072
922836513 4 669595488
950053335 43 482495265
510278350 53 877323786
299617699 78 927529272
526074840 37 756159939
746309510 17 848363272
719846799 100 475905879
912974254 0 512983419
997316145 2 461199946
966331234 70 784038275
737518243 10 688283822
999026960 24 676073616
508678230 64 927495323
979892487 67 314417512
707185931 77 758293638
691242230 58 502471463
812981384 33 701756257
530520624 49 648764182
904023148 33 756377892
616848986 40 341246042
805997992 33 138067930
515048796 100 416076557
227548088 60 703198056
446783340 6 642598123
706806080 67 434008974
628315877 26 929714674
605494988 46 346135069
467176832 54 688284248
506244040 32 415268776
315133000 19 281867137
208631220 70 594979650
632344350 5 969892411
614830198 56 914472037
368810685 28 376654738
102283077 47 877891106
339143272 75 122216224
875663299 63 680323126
151179747 93 616976035
280270351 77 664489159
807027666 62 560397889
140180337 87 546722100
733240640 66 479341584
270702598 6 145220969
311847606 14 237541462
270975490 40 506001306
500394546 94 649622984
784129128 65 499668723
33072368 30 902293817
396664961 30 351735647
799718745 50 277072984
222014094 8 414703525
144611889 70 238453195
815298958 28 807007509
513314994 41 838098554
911296269 12 486381896
377316074 79 685359712
559080952 6 558122143
775578578 27 142229049
179771962 57 523034181
624221973 54 959917079
381091186 20 735404945
466391147 61 322145648
48799174 87 651054796
11083089 72 297973365
674802702 73 561984846
764014374 97 307198390
427469937 29 943432092
499483970 84 964665369
967886876 28 279631372
637313620 72 915993772
940499134 82 445868938
798185211 79 813936569
318627333 24 285907029
100772268 47 439587207
928845700 74 155566623
144564155 14 594472332
247891392 33 889807684
203095448 29 306220083
792596613 65 802347808
3703807 33 875674295
159365687 35 857501534
913119966 48 359276985
852358173 12 573566584
857045081 51 735290618
328800105 96 179420706
559892 82 540379132
811230169 16 189032157
448064367 88 120604052
983861580 94 431342114
384871961 22 179031558
7238127 54 335631110
247994055 16 219880932
740335727 94 794406747
224621430 52 506580097
894064102 21 602547634
104846900 97 447760823
826846668 40 677325677
889635464 26 176838514
753134267 90 948604210
920261563 4 745843497
27564383 84 854137136
446033046 42 517096612
382857106 98 759530949
150460979 69 868796304
960765493 54 350652912
182955566 72 410015649
778258042 81 608936639
258303752 73 763320663
463076797 9 101703512
922344016 86 517406350
707227891 2 733410737
651125996 0 153707066
14712841 39 821957856
48856843 20 122462725
727114839 80 698694187
19628507 8 761932054
562335700 45 323540254
951811123 23 133148299
200804698 44 298039217
355727888 78 441337476
43584639 3 858485501
27503015 57 716846557
920449148 42 247517966
88828318 44 526090383
706381613 37 815583665
158194919 9 384208825
366890543 78 711918097
690604472 98 862088308
82482629 81 965468066
644692869 41 625212527
426062000 58 955086557
112266672 57 546766933
376929313 63 929479383
422337165 83 265628057
331346954 69 839205688
804119687 80 537559542
195450841 23 481612467
531284275 37 850018461
700723832 68 542725251
768573928 71 228567073
519725516 28 211452726
75030621 88 109542425
787562389 97 356659578
9207312 50 635093508
50118350 42 653752926
469079233 23 814923436
622238036 95 264347138
754151949 37 796534585
876319668 59 385896705
702152372 32 781092232
264184463 28 236111366
128201329 64 704447005
714606817 85 407468951
785322634 87 889076094
337018465 83 187409536
457101111 34 444675219
625092806 50 846531059
580726938 82 270940749
972097408 44 197659495
984344603 38 867837078
268876771 16 896166812
175178047 53 452439053
790612383 80 989556407
569045677 57 954247895
896654888 6 846805351
810118596 28 335625321
579249874 32 218004703
662738973 100 198136649
851921065 90 488651359
755980890 100 332133801
914999483 53 761532889
788286430 26 344092880
996828703 46 268483867
572912933 40 403221179
290638173 23 333781416
941649734 71 171824560
77984001 63 373900060
999417781 33 835206663
468324324 91 651636350
553645618 85 893723770
106365070 47 426979653
998669587 35 855245915
348880470 77 752957316
315629081 62 439814981
438997136 71 986588982
690627717 68 598611555
744722918 0 270855790
346906720 62 544434338
972163332 100 783866310
575306465 100 638220767
580684319 5 176713350
582031998 9 883715918
927044795 45 342983352
451789396 30 491813528
813285913 7 688321501
904743333 19 929972668
999811966 97 924385042
906737279 99 363818269
524997430 35 872246629
925521602 3 150224703
523713545 50 550115770
716835823 6 605660941
510429524 84 734865827
115822569 54 727934547
232471445 64 523782003
957792055 3 951376712
482207010 95 355945357
498774438 7 526778133
796448379 65 871116294
725134416 49 864326272
752366397 51 863378433
908986743 28 812155902
629119242 13 727436208
893829868 14 104306922
354793419 56 708521813
59957563 19 542027677
356680448 89 577624206
739574468 67 506479980
443845614 91 409699258
207241093 70 392005554
576821526 16 956582199
693520461 46 274055585
44610375 59 565502410
398928544 16 875505220
417591283 77 289856000
654822378 69 661994010
71234176 6 373863521
179967606 78 451790920
169032208 24 758138692
129974044 28 646969324
683272176 39 667384007
718202982 64 706650614
671663179 66 410065583
793491941 5 334646030
657964074 92 703181986
588378837 24 394006542
366984845 72 527036191
620806633 44 895916234
711893686 42 879356393
396637187 47 227502483
64183016 23 431055104
126112844 9 951316725
174856825 91 961338723
362817870 65 214866248
591543068 92 575055906
60552997 23 355860710
247372304 40 781809116
872888088 46 734470411
395768338 82 479244285
798123323 60 934878572
29947629 75 713102829
58942125 89 750241543
874189179 49 489011628
203873109 18 987946123
873245038 93 761483490
646137492 96 759804691
835709381 65 860270637
570849566 94 332479062
306787440 18 325367655
597123676 45 272119335
589353223 35 123019822
762818701 74 170116082
153581909 66 175926049
843566252 37 256949530
314294351 9 434277490
258646545 33 651402798
695847636 84 343801829
236269668 66 287877223
947192131 15 425938936
522174366 88 804719505
80770115 71 784889161
534010542 95 448868775
132402703 67 823234852
886569605 96 780684235
688113534 100 497074198
218931383 85 956026616
716520362 3 875655576
72460208 70 242313544
481057585 11 633864322
75268773 25 901149058
747283540 72 113067162
210235121 27 726171039
975110732 72 322425513
862942506 29 172291271
169841708 51 511471356
113316233 58 227294407
613131470 1 423769878
39626753 13 991685982
706712851 58 940124703
523276563 32 556688847
329881946 100 759970382
110181277 32 618092376
822067331 50 922635266
479436867 68 497484903
41974245 9 931415356
388268572 71 633705813
577954340 27 940912216
239770620 33 476124734
491436669 61 926532125
528461441 18 978800593
27071230 54 953119989
860071042 48 809843755
3900419 94 989376116
954397780 19 780695083
555121812 64 647365854
841879291 15 148029289
290914949 89 406972879
648761439 24 984871117
560652590 56 666081799
845113190 27 545879329
10269778 26 708645052
884915119 22 272110417
516954949 62 317693977
218716316 51 776191194
5732261 77 339456305
697716422 46 969751159
917264266 97 171516418
198919301 85 734711698
603190827 10 182098628
451503962 71 952382144
521101273 25 303451398
157390900 76 521992942
229410406 90 447977811
415005093 3 651280543
828830751 78 475604215
924135162 98 386708212
101802039 45 397236318
657347070 71 313195255
865649967 38 115492718
782965442 12 499419909
273804523 77 845787539
70946168 90 103764818
223610985 60 253581661
818450586 17 255227759
82153081 99 298590098
94952238 35 330541800
139526988 20 268523742
54732058 45 421443542
15269620 27 882486752
642506904 59 413580202
957974544 44 778969738
77413106 62 230513368
417053053 58 250804032
842964266 61 742131857
497520552 12 448560631
777376962 40 114362603
689256515 11 594278849
603254287 63 154865205
311771134 91 795000108
181132642 45 196468695
14585207 40 429015562
605825455 87 826805959
807192007 29 228142799
913315634 25 951908761
695536753 62 813160614
59672313 85 213727967
635515781 58 455586725
602312811 6 564012935
886893378 44 414216503
890827070 84 593841319
417904932 92 140783485
534452849 65 755824780
410052727 92 400567332
605115433 33 862081560
195277806 76 872776558
358851610 99 420096446
91211435 73 710120324
823605310 32 797421836
960188241 37 441702162
138937062 6 227911907
420422573 16 943107798
99633185 64 366058368
934002071 87 432724915
622706254 75 296686554
492161488 70 722072468
337678206 4 274229095
446304878 20 315829605
714861798 86 876177263
346864437 26 972450278
364806484 60 981209831
859547505 23 658734634
777314684 26 106635814
711920136 11 540286051
847797667 85 421022648
882674773 25 606118390
559902654 76 178411921
931677927 10 187157361
461983929 29 945109257
987483013 74 213078211
583669168 100 803720426
712517214 47 833514990
84875200 4 168626303
8092365 15 452087762
254299003 31 317347472
526076652 63 102399349
618247483 2 219205962
134052827 4 940810736
429592507 6 542599457
862752047 94 660406905
964028620 96 552641258
301043597 97 436607011
717344635 58 999484621
907293645 79 702300697
672479627 28 387571605
989177947 40 425096805
947876308 23 424753575
643117011 56 287302602
461803033 15 308045102
363125682 93 654656267
593697238 70 551155833
348790583 56 231092552
543708100 56 509032044
615891588 70 121700748
658259454 85 596586213
917265994 46 115542204
552017561 50 123505798
799124752 77 300915852
417834571 35 572913414
932837604 79 999952830
82587216 67 387647097
789256051 55 435936957
569937822 13 329623681
131607895 13 153863416
215835692 20 222791048
970238700 22 567833937
835100999 60 352827111
586114574 72 795028858
242685027 77 334172655
433966874 97 115956413
976236279 64 340381954
433469540 95 849654028
472049991 40 807736891
10771468 99 313332086
885847573 51 836940287
518825612 91 674576321
460587818 3 780536064
577681373 69 422050065
945323983 100 340589754
699122690 18 492643912
188447629 90 178541888
197825747 38 334954525
438605463 9 881474765
616077061 8 293834702
330406896 40 869555426
371026073 30 337660278
677754732 55 190729435
32087320 2 402833594
196998947 52 214992326
472108141 53 987714030
620421095 20 400159752
843054244 89 326860884
165541845 41 309121129
482103281 5 102025830
282856575 41 746100393
244781313 75 131877112
485294011 66 576788133
534777184 3 114895019
628556826 99 868153642
598515005 43 947640977
191171538 68 718226744
671510914 62 660593536
115786826 50 693941345
656453077 7 612554381
389856215 84 595661363
225484303 44 667504978
511702081 28 174706660
540430100 35 936750220
583516568 19 893950756
503162950 10 895998323
928391203 80 860742681
685195870 70 474096042
599004529 49 871130302
849179618 85 575789949
111934639 76 606774965
788068260 48 210343869
894001734 92 635468114
705487072 74 502840910
477257744 66 173335230
733336125 69 517214852
978505782 26 842516916
815599690 85 256187783
962143753 81 168760354
728834128 86 473515195
507239558 72 430363496
175996040 71 115551656
780917696 39 676936151
864744493 11 608090729
531732276 58 964451776
634412283 11 133508706
509515787 17 359127223
944127305 6 976901435
894428810 95 703373870
327801547 28 370377073
179221787 15 350805967
576391844 59 622368630
914425791 38 160481499
213948536 15 168603931
769617338 35 886807504
893338431 11 772251207
825447116 74 244583614
564652491 91 997635834
878612443 70 706327656
441335772 25 876207084
226148820 79 465104925
812357557 80 935813099
490492118 52 718003561
266596939 87 364469998
27469916 43 196857557
236481911 64 538317935
972661376 62 969607316
765477526 54 944535939
829397876 78 621848391
734893625 60 612704262
871535405 21 916608218
161696609 36 900632439
340786374 33 978272783
292766530 55 223865654
600277517 48 448248997
82669589 11 654146685
609174906 72 339925510
415378752 21 572384898
351662297 3 884648233
643034665 16 755391530
970797823 21 969649874
117710084 58 636006455
273565067 60 459900356
430112642 1 445777691
418808589 9 663003798
853769697 67 484415934
51100737 71 314005265
503707648 50 786070053
544685203 83 451546718
922317261 29 998427391
452917881 29 417332064
343446246 14 554055435
670367693 84 466659920
404061547 38 805987789
232066206 46 952450891
293254926 23 697180957
836501288 98 176804833
858829732 53 948498416
495872511 23 302326288
983604321 30 366322452
56614460 78 583618538
479590966 25 377835853
785590535 54 227109763
658295854 5 202134245
668439899 40 270618503
568420713 42 445169781
422367745 77 352304873
167191101 73 144671551
914326053 50 256944742
837627844 18 528894676
898894215 51 905538493
572519321 43 310574095
512405245 41 773554511
169057728 25 310766093
621427702 1 677696376
680528684 48 119846124
331883827 83 445703356
532197705 72 155879299
582455331 58 826788844
294987867 38 232020810
207840906 36 969137149
668601759 86 631158399
239034058 90 529992563
865718225 77 792668775
514572631 37 183643284
473204234 6 920159693
242588998 72 938583982
214227055 51 625119661
993301669 15 492567498
936227050 47 910634463
813360338 7 770328271
907588529 69 345718003
678159214 39 928751058
68299367 55 464020165
503601347 57 483216014
691485466 87 836767131
931857100 28 490131433
849036778 51 516544375
216109807 76 633997564
14994879 57 466646609
750002390 92 374880112
512755015 12 284183129
143755207 10 784788815
322134687 82 981166766
707307839 29 753561938
945975625 81 208719647
612753853 98 951217333
350151890 8 140681914
980980437 65 497621416
156116788 18 441748013
525073480 89 596181349
756630393 80 344121195
259186204 29 267620890
108794408 25 886338477
363627596 32 536808022
486039275 95 105033230
569835735 28 827940426
313387517 63 992140730
484808256 9 819357421
519289365 14 985394218
547864861 50 532815674
645279309 81 725189732
69318098 12 683249546
807867894 47 109815370
655851663 0 513023811
24326894 62 449107935
333910380 72 890496795
94303019 99 887945707
572903709 25 281292751
466565 80 467504440
307221155 81 685277116
214209130 52 136831006
507268010 29 108362860
374284881 91 281118383
946175209 100 862490596
458075108 95 357235374
994948205 6 223054818
865684400 61 156612703
973375864 15 977399870
954620524 25 288709405
666837182 31 536272584
315783790 88 534492695
884484803 60 395485596
261335065 83 954932821
577435844 60 755042329
979156716 18 191572287
131900624 42 664217188
404562628 76 325949658
823227216 90 292866350
819184146 86 712131119
39555119 1 380130564
894315840 79 385069226
752265684 81 470067684
380743953 49 891924330
757615195 74 560589271
32485686 28 538605137
987928446 62 469906327
701300189 84 129059655
258879343 85 991316967
651623875 99 441515587
634962452 15 585270051
25220510 8 112458015
336907870 84 275322323
765500180 26 365972292
517413140 73 718806108
494570181 72 158633430
692335298 60 713185174
130801401 100 570017226
98912697 7 911347464
259739076 68 859319253
125759266 37 177482845
330565289 68 329883736
960115145 46 717017854
97905474 89 797228580
832518824 9 421080484
562045025 8 106850819
382321703 48 865121316
15752010 56 722120836
346213943 59 616661495
477025252 78 153376147
952042245 63 938288700
719790165 61 200280027
93736927 65 887842744
906766335 55 650958727
445329620 76 739934637
278034286 52 936437738
747445147 86 266022912
811324154 19 541587135
184622985 25 631963391
881865077 71 119063605
927163580 6 710565426
739791122 81 942855494
964487430 6 534884419
151730864 84 655297844
362530889 72 861267770
934546930 4 388772886
695836911 81 534156732
583112253 0 491958945
305500169 95 254170708
236276132 71 834579759
1000
698 699
331 332
802 803
16 17
149 150
725 726
435 436
20 21
330 331
814 815
434 435
478 479
97 98
573 574
902 903
184 185
711 712
934 935
738 739
392 393
12 13
542 543
105 106
819 820
238 239
495 496
9 10
334 335
471 472
669 670
704 705
606 607
458 459
587 588
770 771
174 175
941 942
30 31
252 253
562 563
838 839
374 375
927 928
855 856
630 631
302 303
294 295
931 932
656 657
130 131
633 634
674 675
141 142
312 313
836 837
676 677
193 194
167 168
211 212
53 54
647 648
546 547
780 781
78 79
144 145
890 891
487 488
56 57
23 24
817 818
994 995
158 159
646 647
367 368
339 340
997 998
908 909
314 315
686 687
823 824
992 993
921 922
388 389
631 632
512 513
645 646
491 492
290 291
585 586
580 581
477 478
623 624
99 100
215 216
903 904
634 635
684 685
452 453
450 451
758 759
475 476
898 899
532 533
653 654
441 442
506 507
379 380
760 761
468 469
971 972
11 12
42 43
101 102
197 198
110 111
437 438
427 428
889 890
883 884
692 693
629 630
86 87
813 814
145 146
540 541
359 360
353 354
816 817
538 539
966 967
720 721
759 760
455 456
605 606
626 627
619 620
142 143
790 791
798 799
535 536
401 402
590 591
384 385
428 429
221 222
517 518
648 649
675 676
685 686
694 695
209 210
751 752
848 849
602 603
254 255
767 768
844 845
865 866
480 481
343 344
397 398
85 86
824 825
251 252
52 53
279 280
293 294
965 966
430 431
404 405
60 61
680 681
1 2
922 923
440 441
810 811
812 813
592 593
234 235
713 714
473 474
444 445
707 708
550 551
125 126
610 611
137 138
559 560
687 688
372 373
991 992
88 89
660 661
829 830
973 974
453 454
960 961
797 798
383 384
345 346
127 128
186 187
529 530
781 782
132 133
827 828
518 519
296 297
800 801
671 672
498 499
21 22
335 336
163 164
305 306
980 981
459 460
977 978
292 293
654 655
904 905
175 176
93 94
854 855
906 907
547 548
14 15
180 181
319 320
106 107
615 616
400 401
322 323
953 954
627 628
652 653
750 751
600 601
511 512
835 836
403 404
752 753
665 666
756 757
5 6
683 684
277 278
972 973
286 287
905 906
46 47
304 305
226 227
448 449
999 1000
235 236
265 266
766 767
779 780
357 358
900 901
275 276
746 747
909 910
155 156
350 351
391 392
792 793
380 381
74 75
33 34
270 271
47 48
187 188
474 475
168 169
893 894
212 213
869 870
828 829
381 382
862 863
783 784
456 457
719 720
617 618
856 857
548 549
892 893
499 500
204 205
995 996
884 885
560 561
811 812
879 880
90 91
463 464
916 917
563 564
861 862
31 32
324 325
876 877
582 583
96 97
91 92
493 494
628 629
929 930
485 486
67 68
156 157
787 788
558 559
161 162
841 842
741 742
232 233
595 596
172 173
153 154
395 396
850 851
467 468
469 470
700 701
670 671
307 308
724 725
205 206
551 552
17 18
803 804
122 123
642 643
851 852
241 242
376 377
460 461
832 833
575 576
577 578
503 504
402 403
914 915
644 645
702 703
701 702
349 350
425 426
340 341
347 348
843 844
834 835
589 590
963 964
804 805
134 135
693 694
691 692
412 413
998 999
7 8
121 122
962 963
328 329
734 735
586 587
579 580
568 569
414 415
567 568
36 37
351 352
224 225
476 477
336 337
69 70
733 734
4 5
385 386
881 882
872 873
508 509
10 11
108 109
868 869
572 573
789 790
123 124
410 411
964 965
341 342
464 465
244 245
423 424
526 527
689 690
697 698
162 163
51 52
306 307
488 489
214 215
894 895
3 4
837 838
102 103
405 406
386 387
280 281
157 158
178 179
513 514
622 623
61 62
537 538
860 861
897 898
771 772
229 230
982 983
219 220
735 736
639 640
118 119
431 432
785 786
126 127
912 913
782 783
84 85
662 663
38 39
390 391
571 572
337 338
525 526
346 347
870 871
246 247
160 161
258 259
230 231
714 715
596 597
63 64
32 33
649 650
907 908
325 326
928 929
231 232
216 217
368 369
533 534
788 789
407 408
969 970
801 802
993 994
769 770
228 229
454 455
387 388
147 148
588 589
150 151
764 765
887 888
775 776
796 797
394 395
833 834
650 651
329 330
257 258
534 535
616 617
726 727
703 704
501 502
398 399
722 723
146 147
688 689
465 466
677 678
198 199
791 792
754 755
0 1
598 599
581 582
138 139
492 493
148 149
523 524
309 310
858 859
527 528
6 7
482 483
509 510
159 160
989 990
109 110
260 261
942 943
552 553
950 951
113 114
338 339
366 367
723 724
68 69
365 366
885 886
624 625
742 743
727 728
938 939
317 318
207 208
672 673
959 960
321 322
895 896
2 3
935 936
192 193
497 498
635 636
191 192
976 977
355 356
521 522
243 244
739 740
57 58
220 221
112 113
256 257
166 167
237 238
943 944
940 941
446 447
784 785
310 311
409 410
377 378
213 214
664 665
880 881
185 186
825 826
556 557
227 228
853 854
73 74
915 916
490 491
839 840
297 298
411 412
925 926
210 211
643 644
245 246
522 523
300 301
461 462
951 952
561 562
901 902
655 656
753 754
510 511
189 190
303 304
13 14
541 542
139 140
35 36
721 722
620 621
344 345
666 667
333 334
544 545
930 931
519 520
199 200
949 950
288 289
362 363
859 860
681 682
164 165
709 710
566 567
554 555
618 619
932 933
352 353
679 680
917 918
948 949
878 879
967 968
607 608
933 934
179 180
332 333
223 224
970 971
438 439
778 779
124 125
553 554
944 945
636 637
342 343
417 418
311 312
54 55
505 506
974 975
956 957
111 112
748 749
818 819
171 172
715 716
682 683
584 585
50 51
536 537
421 422
731 732
945 946
502 503
611 612
975 976
98 99
795 796
614 615
364 365
936 937
389 390
875 876
429 430
28 29
569 570
745 746
169 170
504 505
135 136
408 409
298 299
173 174
695 696
436 437
786 787
418 419
808 809
637 638
116 117
261 262
470 471
70 71
718 719
282 283
564 565
283 284
857 858
40 41
507 508
867 868
918 919
524 525
776 777
200 201
794 795
882 883
599 600
356 357
107 108
34 35
120 121
831 832
181 182
249 250
919 920
658 659
494 495
194 195
705 706
222 223
990 991
77 78
496 497
82 83
603 604
768 769
594 595
728 729
924 925
531 532
845 846
528 529
266 267
361 362
152 153
419 420
520 521
793 794
75 76
399 400
183 184
730 731
516 517
274 275
195 196
583 584
984 985
486 487
483 484
543 544
313 314
457 458
83 84
479 480
55 56
604 605
413 414
259 260
530 531
426 427
262 263
514 515
170 171
363 364
765 766
946 947
182 183
268 269
433 434
576 577
609 610
375 376
443 444
202 203
641 642
263 264
39 40
678 679
591 592
188 189
864 865
737 738
809 810
15 16
285 286
955 956
744 745
807 808
593 594
370 371
19 20
360 361
273 274
640 641
954 955
100 101
95 96
842 843
846 847
326 327
920 921
565 566
632 633
638 639
44 45
327 328
978 979
71 72
987 988
481 482
981 982
424 425
176 177
65 66
87 88
668 669
773 774
43 44
49 50
373 374
673 674
64 65
952 953
657 658
295 296
926 927
299 300
716 717
570 571
659 660
41 42
318 319
406 407
128 129
442 443
269 270
115 116
94 95
863 864
248 249
278 279
557 558
732 733
661 662
699 700
621 622
201 202
877 878
27 28
371 372
873 874
253 254
847 848
143 144
597 598
996 997
236 237
247 248
852 853
22 23
774 775
451 452
154 155
500 501
840 841
910 911
447 448
574 575
287 288
772 773
420 421
706 707
133 134
710 711
472 473
48 49
217 218
131 132
986 987
988 989
416 417
923 924
136 137
354 355
316 317
250 251
26 27
578 579
320 321
276 277
291 292
58 59
79 80
777 778
762 763
806 807
608 609
323 324
755 756
114 115
151 152
37 38
968 969
240 241
886 887
29 30
81 82
382 383
267 268
489 490
866 867
757 758
462 463
985 986
549 550
439 440
271 272
445 446
104 105
206 207
255 256
871 872
393 394
18 19
947 948
911 912
830 831
92 93
165 166
66 67
747 748
272 273
958 959
822 823
625 626
805 806
432 433
667 668
820 821
740 741
613 614
690 691
308 309
743 744
729 730
25 26
484 485
396 397
177 178
72 73
103 104
264 265
601 602
233 234
281 282
62 63
239 240
378 379
913 914
815 816
515 516
284 285
983 984
59 60
539 540
449 450
225 226
315 316
849 850
545 546
763 764
422 423
888 889
899 900
708 709
896 897
140 141
45 46
555 556
663 664
196 197
24 25
891 892
749 750
696 697
301 302
80 81
89 90
979 980
415 416
119 120
466 467
612 613
826 827
717 718
129 130
799 800
117 118
961 962
712 713
369 370
939 940
218 219
76 77
242 243
874 875
957 958
736 737
821 822
190 191
203 204
208 209
358 359
651 652
8 9
761 762
289 290
348 349
937 938
