1000
853 854
702 703
401 402
974 975
926 927
887 888
990 991
799 800
689 690
800 801
193 194
919 920
157 158
124 125
383 384
654 655
234 235
306 307
814 815
315 316
796 797
364 365
951 952
223 224
668 669
792 793
375 376
865 866
627 628
803 804
787 788
574 575
158 159
172 173
489 490
217 218
695 696
819 820
483 484
590 591
916 917
35 36
732 733
967 968
266 267
544 545
274 275
120 121
367 368
90 91
666 667
175 176
26 27
860 861
469 470
324 325
143 144
409 410
420 421
127 128
789 790
566 567
791 792
691 692
6 7
653 654
67 68
724 725
776 777
180 181
880 881
385 386
930 931
901 902
83 84
429 430
464 465
824 825
41 42
927 928
333 334
433 434
328 329
137 138
904 905
203 204
678 679
64 65
472 473
690 691
526 527
834 835
672 673
737 738
184 185
241 242
461 462
349 350
399 400
342 343
470 471
707 708
589 590
869 870
557 558
736 737
603 604
58 59
182 183
572 573
148 149
47 48
407 408
201 202
312 313
852 853
807 808
730 731
969 970
790 791
692 693
588 589
5 6
809 810
340 341
310 311
395 396
447 448
480 481
832 833
655 656
457 458
510 511
108 109
696 697
801 802
7 8
467 468
40 41
339 340
247 248
371 372
780 781
122 123
568 569
62 63
498 499
226 227
95 96
280 281
170 171
912 913
886 887
868 869
575 576
547 548
21 22
156 157
225 226
361 362
751 752
422 423
992 993
423 424
914 915
504 505
812 813
733 734
212 213
920 921
372 373
308 309
386 387
908 909
119 120
983 984
468 469
427 428
582 583
304 305
79 80
722 723
75 76
39 40
632 633
132 133
613 614
857 858
647 648
643 644
492 493
163 164
861 862
413 414
902 903
167 168
48 49
882 883
770 771
350 351
18 19
881 882
545 546
402 403
405 406
428 429
82 83
458 459
664 665
725 726
255 256
442 443
628 629
885 886
262 263
634 635
830 831
903 904
406 407
828 829
576 577
377 378
279 280
391 392
782 783
292 293
34 35
289 290
352 353
685 686
382 383
283 284
491 492
527 528
781 782
608 609
553 554
515 516
767 768
97 98
896 897
688 689
288 289
721 722
609 610
38 39
621 622
605 606
453 454
637 638
529 530
514 515
463 464
748 749
594 595
659 660
147 148
567 568
4 5
765 766
300 301
670 671
677 678
77 78
577 578
286 287
207 208
354 355
784 785
836 837
81 82
331 332
465 466
55 56
31 32
749 750
403 404
708 709
540 541
631 632
999 1000
564 565
710 711
596 597
747 748
482 483
336 337
479 480
607 608
866 867
890 891
174 175
971 972
986 987
419 420
417 418
117 118
185 186
256 257
559 560
295 296
63 64
714 715
773 774
260 261
56 57
752 753
189 190
11 12
52 53
856 857
570 571
509 510
151 152
379 380
703 704
323 324
80 81
683 684
671 672
665 666
518 519
538 539
953 954
50 51
434 435
928 929
160 161
183 184
412 413
146 147
855 856
23 24
112 113
954 955
676 677
387 388
269 270
680 681
164 165
548 549
493 494
508 509
186 187
640 641
970 971
739 740
667 668
485 486
240 241
118 119
746 747
348 349
516 517
397 398
822 823
351 352
209 210
322 323
701 702
474 475
756 757
196 197
20 21
561 562
346 347
198 199
742 743
891 892
28 29
49 50
675 676
378 379
343 344
60 61
454 455
569 570
317 318
366 367
630 631
850 851
318 319
238 239
728 729
550 551
715 716
144 145
863 864
524 525
101 102
793 794
693 694
804 805
727 728
242 243
87 88
500 501
602 603
579 580
100 101
261 262
786 787
307 308
743 744
543 544
741 742
344 345
879 880
408 409
922 923
380 381
477 478
246 247
320 321
897 898
455 456
537 538
19 20
899 900
521 522
562 563
906 907
239 240
760 761
319 320
305 306
86 87
96 97
396 397
33 34
950 951
228 229
358 359
370 371
993 994
194 195
254 255
699 700
92 93
651 652
54 55
68 69
989 990
392 393
578 579
549 550
946 947
165 166
661 662
451 452
533 534
750 751
848 849
965 966
898 899
729 730
941 942
888 889
599 600
440 441
282 283
445 446
966 967
555 556
785 786
410 411
278 279
373 374
636 637
645 646
601 602
507 508
505 506
705 706
956 957
332 333
679 680
595 596
592 593
231 232
73 74
51 52
795 796
187 188
565 566
89 90
347 348
36 37
171 172
757 758
211 212
968 969
43 44
161 162
694 695
706 707
299 300
531 532
487 488
924 925
851 852
446 447
783 784
673 674
723 724
301 302
496 497
94 95
249 250
584 585
159 160
806 807
769 770
826 827
907 908
162 163
825 826
22 23
248 249
441 442
871 872
910 911
219 220
988 989
700 701
229 230
109 110
831 832
929 930
563 564
284 285
173 174
580 581
821 822
638 639
758 759
532 533
277 278
794 795
495 496
426 427
264 265
530 531
618 619
583 584
10 11
140 141
384 385
923 924
69 70
490 491
648 649
900 901
947 948
948 949
687 688
718 719
980 981
141 142
481 482
14 15
759 760
37 38
27 28
9 10
345 346
335 336
762 763
835 836
126 127
536 537
281 282
135 136
215 216
987 988
221 222
362 363
105 106
381 382
2 3
233 234
181 182
731 732
598 599
911 912
918 919
192 193
940 941
560 561
939 940
905 906
745 746
411 412
681 682
154 155
214 215
684 685
355 356
513 514
788 789
779 780
712 713
400 401
614 615
134 135
586 587
205 206
149 150
285 286
942 943
250 251
42 43
984 985
674 675
197 198
982 983
996 997
106 107
177 178
943 944
45 46
110 111
326 327
484 485
525 526
93 94
611 612
581 582
931 932
813 814
123 124
65 66
541 542
1 2
917 918
16 17
456 457
719 720
452 453
114 115
473 474
204 205
859 860
360 361
243 244
150 151
88 89
629 630
810 811
827 828
111 112
393 394
191 192
994 995
368 369
444 445
841 842
235 236
660 661
520 521
268 269
662 663
72 73
686 687
619 620
997 998
622 623
376 377
421 422
517 518
847 848
639 640
437 438
755 756
585 586
512 513
626 627
805 806
499 500
844 845
979 980
216 217
552 553
353 354
558 559
764 765
615 616
808 809
74 75
130 131
958 959
846 847
478 479
224 225
573 574
889 890
963 964
522 523
199 200
818 819
591 592
61 62
738 739
359 360
309 310
998 999
398 399
972 973
845 846
862 863
220 221
840 841
962 963
99 100
138 139
15 16
612 613
325 326
257 258
341 342
884 885
610 611
155 156
53 54
30 31
166 167
107 108
71 72
698 699
933 934
593 594
8 9
462 463
823 824
438 439
188 189
222 223
623 624
921 922
404 405
46 47
142 143
768 769
290 291
534 535
937 938
494 495
802 803
864 865
523 524
102 103
839 840
657 658
12 13
448 449
190 191
488 489
253 254
652 653
303 304
649 650
669 670
466 467
519 520
176 177
208 209
932 933
450 451
460 461
820 821
311 312
502 503
84 85
817 818
25 26
178 179
894 895
938 939
78 79
978 979
697 698
116 117
935 936
616 617
878 879
542 543
656 657
959 960
431 432
976 977
449 450
892 893
895 896
955 956
17 18
936 937
103 104
128 129
365 366
363 364
129 130
136 137
658 659
501 502
816 817
843 844
952 953
753 754
644 645
296 297
32 33
236 237
276 277
556 557
57 58
849 850
321 322
925 926
829 830
511 512
870 871
389 390
604 605
876 877
125 126
957 958
633 634
244 245
168 169
414 415
314 315
338 339
131 132
837 838
650 651
874 875
646 647
70 71
539 540
287 288
316 317
977 978
179 180
535 536
121 122
476 477
59 60
213 214
985 986
842 843
330 331
195 196
206 207
975 976
259 260
497 498
435 436
663 664
76 77
726 727
734 735
356 357
232 233
777 778
883 884
991 992
273 274
717 718
425 426
778 779
854 855
981 982
152 153
265 266
554 555
271 272
797 798
115 116
394 395
961 962
995 996
291 292
267 268
272 273
357 358
369 370
169 170
546 547
606 607
416 417
202 203
210 211
711 712
139 140
713 714
893 894
641 642
551 552
145 146
909 910
774 775
915 916
944 945
858 859
263 264
0 1
744 745
867 868
934 935
230 231
459 460
682 683
251 252
113 114
624 625
720 721
430 431
475 476
439 440
227 228
432 433
838 839
13 14
528 529
388 389
44 45
506 507
815 816
424 425
642 643
297 298
66 67
91 92
443 444
418 419
133 134
833 834
617 618
436 437
275 276
337 338
913 914
503 504
709 710
471 472
872 873
415 416
704 705
329 330
29 30
587 588
85 86
960 961
571 572
237 238
258 259
772 773
964 965
811 812
754 755
334 335
200 201
104 105
374 375
620 621
486 487
270 271
98 99
716 717
945 946
635 636
875 876
877 878
600 601
798 799
294 295
218 219
761 762
252 253
766 767
597 598
327 328
763 764
775 776
735 736
740 741
302 303
390 391
3 4
873 874
245 246
625 626
771 772
298 299
949 950
153 154
293 294
973 974
24 25
313 314
1000
621371594 67 377252355
355316926 76 603031109
744338101 96 652888009
611471155 56 773926906
952141722 62 796513399
183012513 11 116434158
318155864 70 718827251
719808013 83 537800416
278055744 80 475313910
862020248 0 867448359
979717209 92 947822138
130171179 59 480944756
461031518 72 244610772
36390949 87 665097826
183861394 100 945814908
539390027 65 826662720
502271812 65 266634209
47507622 7 139353709
275582686 62 317770050
978364158 74 267835277
479220875 43 445712144
431489397 91 113376583
283783783 14 620769182
344157767 15 623375312
26851519 48 702773836
523861954 65 110369782
164297050 94 765359984
109364525 39 252166606
109139223 28 333681177
155436560 44 801038638
959927566 76 100496997
416359532 79 969292805
139409075 80 362394362
818595884 33 546622264
8643534 43 157509452
45979380 99 452551864
497323670 29 925536053
795994382 34 144724282
578541420 25 832325952
294780739 88 594987495
17552247 97 333948106
915105713 57 924164629
728853581 48 645208362
98426935 68 925585742
363835331 90 734357186
11834740 51 791415899
575617852 94 644149981
685120848 89 825685780
791358629 75 789752541
218495441 45 204874482
939850688 0 248028966
886190889 2 732467875
205331306 5 239950525
131257108 86 647336257
244285748 15 638194671
256460121 16 227904099
945126337 76 116761978
642527375 35 937535293
632204752 25 826429556
831646082 95 819165935
753410192 80 545065795
726917247 81 284430964
66053945 2 703851106
671026835 26 967214845
507448911 25 113483144
648767532 82 310045404
994231166 60 593006265
433400375 96 303118032
393491949 77 329584492
897518526 25 336337032
484826211 39 648276774
352551157 11 292951767
434719325 61 104630364
970758407 83 664095916
49732164 5 966383509
67856249 44 667219231
566206944 64 354758612
311388028 17 344738864
351003294 94 124062190
188752683 93 756567415
481639887 99 525762073
691228486 76 176408031
329723233 100 850439425
376568885 66 389439630
108151904 100 938150827
268560169 62 471256778
86395954 88 953039219
932418941 63 917115580
321274791 85 294365681
826972735 3 906370534
290710890 12 909063764
374611630 38 766027601
182760185 75 159738498
221498606 65 451048744
311940651 86 728842976
34384058 89 390009776
71131595 74 485199365
530959044 53 493195714
798626768 21 756256200
782782783 51 254286466
880675049 4 273766986
8229416 70 431014714
11970962 64 812936772
707815844 78 366133838
742221008 54 502027858
28974781 5 414992443
208611828 29 987273281
132955009 90 941119161
170954202 71 707779230
835794133 47 954796118
721406930 64 699629587
739340074 98 528933550
712133651 6 560480554
795253384 88 295766981
50464187 55 342895958
289993032 60 739103073
665871069 67 201233969
222868037 57 108783922
649648065 30 301813324
268370323 63 877314721
978400171 6 119191300
912294707 61 871131938
103040011 14 398982233
402514775 27 768718534
415829811 42 402800563
577913338 30 633174714
943772346 12 430752309
15175897 4 841660903
762580806 88 989884317
632490768 82 408050454
285107387 7 941162754
301792220 51 595397619
563973041 82 792425219
896324347 50 563342233
663920061 80 749786618
599363317 43 733972127
584969648 75 462152682
879660601 67 258557765
991040144 92 960150833
37516532 17 837488541
793002935 88 773550596
549324740 32 988691922
798582413 7 216513742
208002159 49 763965557
113522446 18 883097980
151897566 94 478553592
950167138 2 108177680
393091154 4 166136377
435184336 66 159934157
162907449 17 456754777
794007497 38 370014950
823836977 21 593107713
149559626 19 344840693
250165712 4 666320197
401567199 22 105469089
840364457 86 604605735
252521815 42 373732086
534825963 49 738000722
714818668 6 898394454
563396173 48 740232927
982904071 56 819489524
997017033 27 888968509
934903487 91 857483692
143747038 35 336110441
722991179 29 786389034
425903423 77 451238232
876476730 28 560101890
791276562 29 583175856
376559723 54 688881127
566004095 30 110248663
185982189 29 405697635
576210245 15 643733161
392463289 61 303240235
22692910 48 411995983
536845766 47 943322741
758309987 52 151239461
818348196 41 331038541
897504820 76 720249922
635364369 24 934520606
508647263 83 587551206
975740328 37 950623164
747793472 58 622440543
416290162 44 551175000
474807323 15 370612853
470372110 47 158152208
920373287 15 294438119
197114017 30 683357054
391038164 40 845957003
149741267 77 627600956
724648657 80 188698311
367193193 7 745205386
880931119 9 194309243
775286100 16 436933082
287877135 97 350065733
615047519 54 327568662
371967090 54 954662912
553407187 53 320948022
715376463 32 327919777
540437685 29 447349761
300678330 38 100947277
101246685 89 199976382
683038282 15 218326411
23537590 2 573419234
828948688 72 336917239
629402953 54 912785964
28292115 82 515131186
564623601 44 257611327
452092257 48 346034129
505218878 56 715479596
500448121 29 366986841
697082418 40 995709326
141121859 56 501857731
407160782 10 693391877
603243433 54 847529048
893745091 34 720773860
25398414 97 237491147
526147954 10 964684964
308882564 39 332966642
686539108 89 736295920
665644061 32 581667624
212197081 37 309928582
556237661 52 904021251
354559657 35 304755601
763138148 50 868927365
674241329 38 625518925
456284823 21 912536336
592549590 65 852918734
863933661 38 372359076
848866417 90 670458057
233797762 68 791431779
678500304 62 139515895
186308036 68 877954168
661416609 31 139512175
124523353 9 519594015
233094333 8 243400733
939783603 34 769093345
511381759 91 911436641
836630784 82 356242141
167759615 74 790636547
470115699 38 443371708
447735111 22 803905703
573978858 67 771291142
779414287 7 989010157
869793610 88 257589539
89661073 11 954407610
420636080 7 245894578
695610489 33 248910312
943727543 52 497204254
883909193 51 547673636
10259324 3 975460113
95294390 84 309630696
196243126 26 828914243
570383192 90 698372340
669142861 55 248378234
665786704 69 104946225
637348128 82 125309550
400737227 9 376056141
943581094 75 837653680
52662 0 422832742
107084888 10 556263988
731170681 8 389061987
923649535 55 744805757
540970739 94 678694688
964720473 63 913118738
17935682 81 997433698
852740212 89 902968459
5242474 25 129248395
83600074 73 409574023
574923807 64 497639155
776059896 49 785075969
415709594 56 408729782
250571692 18 384929243
445256482 18 660365443
613966919 58 163446420
44337379 68 367702881
309798774 15 285235754
791781597 100 730828094
331138175 79 442317808
15312521 2 645447305
579761325 12 149240601
915707008 69 828846759
270848516 30 322696719
558692712 67 347137214
510928489 80 485206187
772900730 59 363205896
450433184 36 688526424
360975345 73 680617205
590961414 32 939659959
785094829 67 803867570
614331896 21 262051516
593959359 12 395037711
713847139 24 467365449
902841933 25 919663439
22073376 83 702655832
919663007 4 396454934
231869383 90 801421319
417899223 39 739208335
302201051 7 691964503
171233159 59 426925679
418272855 73 102672795
5448765 60 640377648
361095570 17 604692463
317363774 92 581991091
994952654 63 735424363
137492645 22 140835121
262487105 2 712930898
296508895 56 381340591
379617009 25 572511138
923009545 80 605794529
245150818 50 982243862
906086241 62 322495379
239409039 12 508367783
96599431 12 744781293
681205222 87 664156403
563662490 20 723766272
497540178 18 309118530
426219076 73 398107548
122868580 89 354409512
485079241 11 772627524
884301460 100 278208692
720646231 10 469857908
162691051 35 630762507
521668048 37 183661848
954552808 4 400533280
148638504 83 981110763
736837275 90 776245343
627669189 67 196592810
959163956 97 987544525
413584597 36 179612625
821853068 39 328086017
851404665 58 768422234
250995830 68 977541017
158741345 97 494156518
822198924 37 540588073
285121617 72 164628971
915525667 0 882675808
443966546 42 247872898
109991764 38 238474608
925729387 2 247339842
282170313 70 113443528
472391736 46 217179156
535880867 32 732392112
127647229 48 799606699
767523098 47 642595355
496489161 79 860151752
86301541 42 455717053
400688248 79 984558156
306302054 31 916725645
824340825 3 297540629
307613551 2 344478508
72071547 49 528806345
580142739 68 240648926
668357057 73 989066019
864060359 15 432486675
766605080 99 589699180
451156801 83 726552824
987912059 74 223851943
744172060 0 780150407
362060982 34 838867641
205894922 17 219762194
436547043 19 127016035
173168716 79 642362511
891237630 0 942656342
123275484 18 258536073
296290451 33 233811062
596065492 21 251725744
141011130 82 609257495
763117908 16 123218160
637431720 93 282472036
364868816 66 309564324
439410466 53 131502900
627489643 50 446827071
37836894 19 846727194
954844346 71 930891570
710281786 58 879914079
85202676 18 115414891
510031987 46 850119900
651207152 30 761811718
542238980 60 604878377
724883353 29 986033945
334523487 70 555892208
191120270 41 866100532
358728761 23 710747856
364554099 62 166143155
409363931 21 719595072
356422030 75 984498215
474974258 32 787154078
887583293 55 806793200
249620759 48 318496157
604763937 14 167283902
822505154 66 964104344
953773375 79 123228916
113239427 23 243665607
204016081 49 176268858
255118606 32 903106324
133240529 91 317640544
438804137 64 911915553
165541982 42 929982457
580622987 0 874436461
817519311 70 652298984
824259520 20 820561740
604543724 65 819994994
441439818 56 762522129
161664124 13 677432203
999879798 64 164903628
609659144 40 241139007
391116447 65 264767754
669970778 0 262437766
296388654 53 212435203
746628565 24 687144626
53952932 62 559679116
107577883 44 389822251
156887761 58 335703487
449480852 74 599234431
959675664 56 951547130
851132927 47 891381447
85771306 37 693463993
346938246 63 669803170
351432516 46 687743462
880092564 21 101433408
645471020 70 896443639
810093032 13 842826099
990708520 73 418299674
479274842 50 971728583
560416429 80 597009468
303997064 84 255578924
500738233 18 580510248
955027970 33 659278955
396911852 78 687128625
531217468 86 179938586
24174316 77 605480651
588728734 51 550109980
675722967 67 175306232
447365167 0 203067079
587511492 67 616736797
957062266 8 674594616
693434442 34 270948701
70565353 51 342126357
119888184 54 181745892
399173877 82 235609003
808538687 74 428645360
969271835 65 666830472
984849756 79 306540493
343684104 69 403775083
682462303 91 736254241
260512099 4 713441892
446272690 45 787587167
361804708 72 176260295
580968235 92 168580605
148963898 90 419434927
671132173 85 252015823
215726876 41 970422783
819788463 24 973746387
743970530 21 420831157
300901049 66 679108625
88082287 76 621762822
667753702 72 424779861
639670909 30 776915936
917677454 93 906232351
398203733 16 890318896
364706600 23 373167114
585775369 77 585425857
798017317 87 424424034
410819467 30 242860103
668078071 90 630993979
985948294 84 687988685
499355607 17 392428937
274348859 58 765994101
206014620 57 692894517
243590263 49 916019030
752744152 30 468704865
651086419 31 623084005
848931623 39 635598088
773047962 11 306473697
173525418 96 668322599
477376484 96 922839954
325059451 45 402784374
534027733 86 103736597
222590497 88 768054326
570577572 63 150305942
762134597 60 837208681
267953783 74 134583738
284814311 6 730079736
79246879 54 776824039
307534076 11 303461464
267390566 26 432858037
668664069 39 958090541
391023428 43 861619675
750214770 0 886885821
330199772 22 703839823
266939140 40 376460784
99505664 15 550420293
115960961 31 927433918
139115536 56 203531728
177157449 43 270437157
243322459 80 632333020
3947642 50 895784807
69030029 87 896910122
524003148 3 641660304
460203095 5 204411199
457521649 76 167079469
7021453 100 935874426
785608127 48 692529412
322495283 80 188426356
792894956 32 656480541
526476077 57 314935571
956853481 6 958252117
335762481 97 297569150
857701854 26 746724288
830080660 15 465522008
622026779 9 586433361
780076007 56 146658033
220078640 94 357651447
778956526 24 136771467
240395122 65 625193024
926143006 6 777764559
585944316 87 657848500
528539944 94 374901936
945858260 68 654819289
502786856 77 238978014
165212403 67 636985345
783269482 40 354786243
581871312 27 267598858
961435920 81 507018877
589618108 94 373756260
777685376 90 320067277
847319718 11 161171895
265215071 9 633754682
699359224 66 440145808
943818939 22 347567125
22078191 10 951493326
532354334 52 216267717
381373471 35 666356650
853344970 50 414855198
117278557 84 963946469
602935427 69 329023140
610612872 23 828943591
302595935 25 246380489
594743677 74 758931833
904888235 39 300786467
837342375 7 268926851
551942920 30 954611227
510363218 20 968120724
847472679 35 857064579
84742326 35 934532556
347164978 54 881790668
695426488 47 986568102
325536615 43 751919680
889280068 54 847856730
236821320 82 140917192
162544315 34 982644468
644559180 97 645668746
10689681 60 597177552
122680673 54 845877394
440430512 40 688919727
673473514 9 624842469
890911651 36 184790427
202758235 40 942157800
312569269 37 362548878
149449909 19 636857455
675913952 36 131810073
755172146 85 923643859
931495725 61 297432477
998622576 25 954547925
20060929 53 339871285
312996498 21 609794680
601602146 57 699431207
455469456 48 920816788
723249463 31 578179991
776680605 46 101798971
385677694 21 495942256
847204127 24 904534823
250400618 68 428490824
700337781 60 533187121
323914749 56 353399557
550531235 51 154192371
958421047 5 735536195
119152161 97 759047587
818558019 10 681150525
6019903 20 571188959
476310968 90 473396108
980117473 11 476282063
888155697 46 181989049
632215388 86 797963446
329848613 39 112483872
637375837 1 118895503
241890515 97 248191152
317998240 89 538822242
832657085 82 920016347
507928846 20 907801460
602968120 16 147726807
381503453 26 591802497
230254495 46 271725013
103622514 40 416260737
216445797 91 405609377
761537940 24 127084901
158477530 25 918496716
523411773 94 752821030
946231885 30 132475672
86427967 39 589468250
868574931 1 957210398
961005029 17 482327222
310839907 0 717257678
275862729 78 709405450
759985495 74 224401418
956765016 11 562453656
476758738 97 933775372
828659511 13 980566174
537050796 28 878294573
254751404 66 396609902
218519453 21 965789773
11123418 70 145165316
127192707 36 142754261
554007198 76 174385199
378959972 80 440284589
129541755 16 390743592
351753275 4 561527616
30861845 90 621524353
507227027 30 470584042
994395334 19 715014127
987642925 12 140895271
705829217 15 947069648
626163480 46 669632094
401265825 1 770731636
583096759 34 775964565
779684733 94 237877864
15942993 49 367252603
212817164 57 213520845
263142870 84 138525133
180467712 88 724823007
541084963 9 726780695
694645859 53 961201233
519146614 11 892930696
696204484 62 614280560
96281838 36 472161803
285552943 96 668446507
141152085 20 835595922
244419383 23 689256546
49001359 4 438934041
370513624 64 559178380
514040910 79 144374959
961219768 97 230242812
175852462 21 436766391
347262688 8 307811793
603898109 89 446088935
101472632 69 325633685
967778162 66 189706713
834563383 84 634264672
264822692 38 718427605
966563963 59 380923831
407376761 11 419317378
637473259 32 709128106
851110415 38 659378797
830630558 32 874820102
360613818 76 241050577
786821667 42 679806194
496297513 29 334885417
86176123 46 313184500
195627187 17 471123889
876259066 37 819177276
243697967 36 915021048
526489065 26 331718812
2586065 42 146713204
838073464 87 330508104
968940724 35 858661764
166259402 37 941783229
450862701 67 699714827
80794923 26 972465675
279905294 2 581156436
756772134 89 914477803
824332306 51 522647014
825741094 61 620810284
677166889 0 474149530
405740878 57 446909642
135685682 14 839564018
146033873 20 636294897
971031564 54 342039797
177041134 38 328524840
470206276 59 307372511
249591551 7 686213946
78803544 32 945543633
75083793 94 820490793
831808050 29 197044249
301449904 46 626938106
520224628 41 639859108
805361931 8 248972224
112550782 40 690298730
16352558 47 676380811
196952348 32 747769683
889032229 17 213240301
704423712 98 886069962
105902472 79 468333841
38945048 68 176247256
759571262 96 664992637
38408700 91 435820379
428780740 23 421379385
998836665 85 823670564
315987523 27 232902093
820504002 32 189774055
246653318 77 141463613
599806984 90 616382623
601939611 15 790207437
204823230 76 317324451
280123308 8 933038682
694903747 7 711138059
215337093 41 729019920
996608092 50 204851873
508837733 19 164230980
640646119 63 830633743
920999208 81 251449139
76489013 73 174194104
552947012 2 582855641
177671860 88 555051180
198031492 21 873106521
458676999 96 219188857
688083960 1 135765132
8541052 76 336855622
914071805 92 839482636
120501940 88 142225379
305494841 92 860900904
86082319 79 662482807
227256457 77 521228287
819027698 71 235948030
402671720 61 180200382
636345225 91 879474361
647901556 75 150799497
534747425 85 675597536
967587752 5 217469315
415537894 59 276990066
627294351 22 747955625
11388002 32 599628786
271155036 48 946141047
787023600 11 558016887
933660366 16 218105628
883096462 36 628560015
18879176 72 667821694
749716249 97 856436929
131182792 96 264924330
68070802 50 108075486
433022410 16 381668254
747483297 14 799686838
256735627 43 994592276
804755993 39 209974512
905758181 65 875652371
47269573 67 966726366
585216135 88 551452312
139799774 27 135269362
194652489 24 695246685
820645224 78 825739408
108542033 86 549094330
887096221 95 777333543
706653126 94 598333052
329664043 8 854767880
738798363 12 719173108
527166557 99 717397301
341467184 28 806873142
90139258 55 400145725
724735560 97 956405615
700806055 41 899439034
448669932 59 941326446
17496510 68 880229130
915276225 64 548316865
218433906 34 957959209
892981441 18 465098659
612025609 78 911005848
537680958 23 242867341
840299914 73 720920707
57900954 2 281610439
224427666 47 487529111
722738359 54 107224779
942188480 72 195543501
425771405 19 741259320
696076858 38 590465088
692426399 21 937259573
559457915 50 516246618
982372775 1 932945323
440777402 53 428443537
611849403 92 406164590
427791377 2 235406970
259960217 61 779893978
7477857 16 179732789
479189530 33 122965593
525222075 29 269264609
51340569 27 267843106
688409384 96 426217304
792668236 81 598510452
83981953 89 676038072
591975681 2 618436453
723487670 80 491158422
909442717 40 567066375
807842483 32 489279728
114851590 25 521902820
814135820 78 123901350
33302164 18 260159656
929225776 87 517365145
110793229 81 835891893
536038431 55 835654512
29163332 52 444763537
711357200 49 531103556
141324967 83 867440818
927751203 93 799975336
274745350 63 844887030
477309491 44 612788206
351764298 79 547436916
978673008 42 345166506
480986510 90 632890886
740576869 64 640190820
53581553 89 808412859
728800059 84 694727595
878206650 13 983860105
918186293 85 535848031
287523514 26 617203089
708093749 49 722000388
973832560 41 180281270
599619618 23 379901203
464489804 24 842546760
756878001 24 767807058
963959601 80 872732403
105418459 29 242550817
883209188 96 982166319
366605212 42 260959532
111074890 20 712943174
152680068 12 849432971
624030010 18 652965796
671880944 81 577168390
152178371 68 216200113
443739482 48 409099863
359631853 11 493273315
470417019 87 511554291
514766203 8 196702053
83147312 37 274846414
243311375 46 737038436
578981346 3 176851862
674928594 53 220051645
255733955 61 285396389
707814167 62 133925114
670746698 24 416682903
959211447 5 279265167
948688738 29 372194191
25061645 34 977187242
306810128 26 101721614
864499314 26 987917562
149866656 7 188056720
407757610 30 871298841
396292204 52 859812670
168840850 96 125739431
96291838 36 344884184
733362217 79 650038878
861271519 78 265648844
610056381 81 796836826
895765219 62 717310657
108025185 26 936760936
256259367 72 952335772
535345848 84 967789974
621942639 74 228233362
917997644 25 110436146
516103159 95 563640194
898175194 70 818235799
395296354 25 644551658
472283853 13 655383043
450876142 35 904693379
670095600 89 393653848
82194633 84 523099456
346045089 45 244071613
520801147 95 114950273
617094202 51 772255263
193334052 81 386936963
259530567 82 851699092
301513031 89 496299045
963738255 93 185870512
554341536 48 761133968
61809657 90 683154665
325776389 95 895272921
654511566 53 324561783
722876416 16 683546515
531345368 13 548218757
39875879 54 368138741
388813458 57 530613657
652768091 68 495433656
877041490 5 162465445
998258953 39 929704351
727425243 9 909001092
777411947 89 811167231
272551522 50 637672030
305476820 87 541192604
382696748 43 177802266
775731232 30 312619722
189375700 95 857328556
799504620 91 201858552
968911260 42 363625651
527821069 65 747045169
530539791 79 657120325
860985703 59 167072348
245205833 2 181322670
375836758 30 133068052
697511564 48 395232725
26082320 43 345534779
155005325 50 219709209
198600495 28 774053377
12190395 7 788344498
841353431 7 214917447
998313 7 493923124
818330139 68 636403574
777823550 79 575916991
21238251 44 426531543
377886390 17 796022132
70829833 33 948662121
152886136 53 642091097
695528375 53 298655340
45482752 28 710449800
20473655 68 761198015
233449601 29 567001308
540877481 47 872972596
758484740 90 634289331
949613997 83 834511849
550053975 83 159034153
430771 71 676149271
449339412 88 208881655
809887338 60 766618044
454768622 24 461237820
202901209 54 759948997
911242051 41 651678894
280139639 19 230915823
27159185 72 547269083
656797965 69 956320685
377478498 97 882945166
379888025 7 686817289
618444922 25 239741447
445377114 33 749665354
96150156 12 461027233
592091497 79 433483467
201547014 49 299345237
485539341 9 317336349
656435480 6 423103049
774478088 77 316562334
929653890 19 784060336
383734736 50 664974079
557417516 21 297401295
903983843 34 342426763
339731530 71 938004358
516332546 80 436892869
915475428 46 904428875
753889313 29 682487020
548314271 85 361365512
466197927 87 636002409
33248356 6 570041706
937659866 61 411863497
440305972 53 102114012
228178929 33 954949964
477967022 40 150362197
359558467 53 765076085
7275399 27 921328894
805108384 37 240410325
643324132 53 293212340
407435127 99 639611745
437620711 48 610836930
870127741 99 886085822
127407317 3 676443373
525826028 8 808777044
128761818 46 766578086
210029620 60 756593865
589926635 38 327120358
618282156 40 649460615
837451947 58 825620502
722279802 99 514106967
200484951 72 367460635
706101551 53 924746918
149216805 43 254852583
259170921 99 569097224
805030971 87 241190392
900200976 61 274449687
443576330 75 764529105
83401947 16 458013695
116002003 73 246465618
325760501 11 335112737
462835791 17 255849962
396574821 92 393187954
225105368 97 663017786
946367646 5 282453239
192292673 92 724812631
926498052 82 481402951
937554285 97 910855541
861812737 31 535247039
800661016 12 743383356
515415551 66 921306691
596192097 82 683001311
341920451 38 780482637
42201629 91 867862230
419032970 88 256265095
331663 43 374737930
390961590 43 374073024
166080051 63 717441434
882782321 36 830075660
801761751 79 669816356
99326396 36 652711531
683573272 51 242455686
448644080 6 829210973
847630804 91 315638423
911236196 23 438695499
893013264 0 429693232
1000
288 289
169 170
629 630
492 493
603 604
961 962
537 538
229 230
712 713
452 453
481 482
245 246
294 295
241 242
91 92
182 183
666 667
834 835
90 91
520 521
443 444
945 946
756 757
794 795
98 99
978 979
3 4
692 693
903 904
110 111
487 488
318 319
114 115
39 40
703 704
4 5
26 27
343 344
804 805
746 747
618 619
843 844
402 403
445 446
73 74
386 387
915 916
626 627
482 483
433 434
233 234
511 512
263 264
913 914
556 557
643 644
23 24
855 856
31 32
51 52
316 317
550 551
538 539
724 725
616 617
92 93
155 156
14 15
190 191
689 690
147 148
2 3
745 746
588 589
754 755
6 7
278 279
683 684
617 618
731 732
868 869
780 781
251 252
225 226
184 185
514 515
800 801
787 788
94 95
608 609
407 408
702 703
484 485
446 447
984 985
382 383
524 525
607 608
639 640
615 616
194 195
967 968
28 29
476 477
818 819
944 945
994 995
222 223
259 260
633 634
140 141
158 159
149 150
980 981
216 217
697 698
970 971
129 130
203 204
30 31
594 595
857 858
705 706
529 530
902 903
264 265
151 152
998 999
346 347
297 298
64 65
381 382
345 346
893 894
499 500
35 36
388 389
7 8
735 736
507 508
252 253
720 721
636 637
656 657
16 17
861 862
879 880
142 143
435 436
597 598
679 680
591 592
898 899
580 581
601 602
320 321
891 892
213 214
419 420
421 422
485 486
767 768
17 18
413 414
198 199
85 86
211 212
125 126
908 909
916 917
882 883
979 980
522 523
846 847
829 830
268 269
721 722
543 544
290 291
283 284
599 600
874 875
895 896
838 839
512 513
551 552
930 931
87 88
461 462
684 685
640 641
954 955
186 187
785 786
36 37
659 660
176 177
179 180
839 840
682 683
384 385
826 827
546 547
824 825
105 106
472 473
138 139
49 50
410 411
385 386
468 469
549 550
257 258
809 810
96 97
80 81
570 571
791 792
369 370
370 371
734 735
235 236
864 865
273 274
187 188
962 963
145 146
558 559
844 845
317 318
403 404
440 441
464 465
66 67
516 517
192 193
431 432
123 124
393 394
694 695
196 197
848 849
655 656
593 594
795 796
792 793
883 884
178 179
488 489
786 787
76 77
221 222
68 69
867 868
302 303
699 700
57 58
193 194
888 889
914 915
279 280
231 232
439 440
752 753
323 324
638 639
175 176
917 918
453 454
523 524
360 361
813 814
956 957
77 78
444 445
340 341
25 26
78 79
992 993
498 499
13 14
953 954
572 573
761 762
649 650
922 923
541 542
239 240
107 108
779 780
803 804
119 120
379 380
681 682
40 41
708 709
425 426
878 879
394 395
308 309
510 511
573 574
355 356
987 988
926 927
364 365
21 22
303 304
909 910
999 1000
997 998
254 255
167 168
860 861
247 248
628 629
342 343
417 418
366 367
544 545
815 816
662 663
84 85
576 577
106 107
501 502
42 43
112 113
772 773
54 55
418 419
72 73
332 333
146 147
635 636
463 464
630 631
122 123
71 72
448 449
373 374
892 893
121 122
548 549
851 852
163 164
560 561
807 808
969 970
0 1
349 350
853 854
596 597
116 117
307 308
312 313
43 44
988 989
530 531
726 727
189 190
866 867
652 653
305 306
348 349
661 662
562 563
833 834
744 745
747 748
69 70
322 323
751 752
508 509
928 929
536 537
135 136
912 913
658 659
947 948
289 290
374 375
164 165
741 742
592 593
663 664
631 632
569 570
957 958
938 939
723 724
389 390
207 208
554 555
81 82
836 837
728 729
534 535
758 759
240 241
404 405
195 196
358 359
871 872
823 824
802 803
70 71
383 384
582 583
457 458
411 412
344 345
595 596
244 245
22 23
884 885
266 267
790 791
707 708
918 919
298 299
528 529
368 369
422 423
706 707
325 326
489 490
571 572
982 983
449 450
899 900
575 576
144 145
61 62
356 357
875 876
293 294
185 186
808 809
336 337
827 828
82 83
621 622
513 514
270 271
88 89
835 836
814 815
669 670
496 497
347 348
932 933
983 984
788 789
825 826
141 142
770 771
150 151
483 484
44 45
952 953
672 673
46 47
831 832
700 701
504 505
624 625
755 756
41 42
740 741
350 351
614 615
995 996
168 169
610 611
518 519
552 553
395 396
427 428
458 459
321 322
567 568
793 794
327 328
56 57
333 334
623 624
841 842
287 288
711 712
459 460
156 157
778 779
134 135
732 733
467 468
250 251
713 714
533 534
704 705
660 661
351 352
586 587
1 2
378 379
174 175
228 229
285 286
527 528
771 772
130 131
495 496
687 688
637 638
581 582
442 443
850 851
177 178
693 694
688 689
965 966
691 692
329 330
238 239
226 227
904 905
50 51
968 969
950 951
789 790
131 132
261 262
547 548
188 189
759 760
99 100
406 407
310 311
942 943
782 783
219 220
275 276
408 409
362 363
309 310
503 504
709 710
205 206
519 520
738 739
132 133
873 874
181 182
341 342
587 588
611 612
210 211
153 154
881 882
95 96
104 105
750 751
426 427
477 478
5 6
763 764
255 256
471 472
863 864
880 881
63 64
939 940
710 711
280 281
762 763
653 654
976 977
764 765
133 134
53 54
414 415
810 811
973 974
58 59
919 920
665 666
202 203
89 90
819 820
282 283
399 400
701 702
924 925
281 282
796 797
335 336
859 860
858 859
276 277
217 218
15 16
985 986
209 210
555 556
423 424
876 877
491 492
434 435
124 125
256 257
456 457
359 360
960 961
805 806
852 853
180 181
326 327
590 591
648 649
339 340
753 754
38 39
845 846
598 599
319 320
11 12
719 720
783 784
462 463
324 325
625 626
646 647
102 103
564 565
377 378
215 216
675 676
400 401
301 302
605 606
206 207
678 679
609 610
929 930
474 475
506 507
696 697
267 268
817 818
365 366
387 388
862 863
568 569
480 481
148 149
654 655
584 585
600 601
430 431
401 402
777 778
12 13
509 510
806 807
165 166
565 566
170 171
447 448
951 952
171 172
774 775
354 355
24 25
183 184
398 399
460 461
479 480
420 421
559 560
100 101
208 209
465 466
111 112
737 738
760 761
436 437
906 907
602 603
606 607
667 668
62 63
128 129
676 677
473 474
97 98
172 173
304 305
619 620
127 128
166 167
405 406
937 938
690 691
59 60
173 174
212 213
201 202
409 410
397 398
971 972
103 104
766 767
718 719
698 699
923 924
227 228
60 61
236 237
641 642
996 997
65 66
224 225
230 231
34 35
191 192
989 990
889 890
921 922
258 259
925 926
311 312
714 715
900 901
933 934
966 967
680 681
274 275
9 10
159 160
157 158
644 645
540 541
248 249
798 799
475 476
33 34
27 28
657 658
907 908
830 831
535 536
935 936
292 293
52 53
367 368
604 605
768 769
391 392
854 855
117 118
743 744
634 635
416 417
946 947
589 590
204 205
578 579
542 543
865 866
577 578
632 633
470 471
531 532
670 671
647 648
249 250
352 353
118 119
920 921
685 686
243 244
152 153
137 138
722 723
981 982
19 20
887 888
765 766
820 821
48 49
313 314
115 116
296 297
842 843
773 774
725 726
101 102
160 161
847 848
553 554
749 750
334 335
486 487
497 498
200 201
269 270
428 429
677 678
330 331
784 785
650 651
113 114
143 144
246 247
963 964
736 737
739 740
799 800
940 941
262 263
372 373
438 439
361 362
897 898
622 623
306 307
390 391
109 110
673 674
272 273
613 614
260 261
769 770
717 718
671 672
729 730
314 315
86 87
441 442
83 84
521 522
964 965
363 364
668 669
901 902
197 198
664 665
79 80
108 109
432 433
299 300
911 912
730 731
583 584
265 266
975 976
574 575
490 491
561 562
828 829
126 127
958 959
74 75
869 870
392 393
526 527
959 960
154 155
748 749
232 233
253 254
727 728
757 758
353 354
466 467
75 76
872 873
500 501
396 397
300 301
585 586
242 243
315 316
271 272
291 292
856 857
469 470
331 332
733 734
338 339
885 886
376 377
896 897
775 776
47 48
493 494
801 802
715 716
10 11
837 838
991 992
450 451
505 506
532 533
437 438
797 798
162 163
563 564
429 430
286 287
515 516
812 813
840 841
37 38
695 696
478 479
32 33
910 911
948 949
55 56
223 224
412 413
811 812
237 238
328 329
139 140
849 850
525 526
816 817
545 546
934 935
742 743
894 895
454 455
832 833
686 687
284 285
877 878
620 621
120 121
986 987
67 68
977 978
931 932
517 518
337 338
781 782
886 887
220 221
199 200
927 928
716 717
949 950
29 30
20 21
651 652
645 646
93 94
579 580
375 376
45 46
415 416
277 278
380 381
627 628
494 495
943 944
539 540
993 994
455 456
566 567
936 937
357 358
955 956
424 425
557 558
502 503
870 871
161 162
295 296
18 19
371 372
776 777
214 215
642 643
822 823
905 906
990 991
234 235
8 9
451 452
136 137
821 822
890 891
972 973
941 942
674 675
974 975
612 613
218 219
