500
151 1000000000
744 1000000000
336 1000000000
687 1000000000
921 1000000000
836 1000000000
196 1000000000
751 1000000000
17 1000000000
407 1000000000
493 1000000000
701 1000000000
409 1000000000
364 1000000000
530 1000000000
107 1000000000
339 1000000000
319 1000000000
601 1000000000
733 1000000000
506 1000000000
891 1000000000
308 1000000000
45 1000000000
307 1000000000
317 1000000000
783 1000000000
572 1000000000
834 1000000000
525 1000000000
98 1000000000
920 1000000000
181 1000000000
141 1000000000
142 1000000000
264 1000000000
94 1000000000
488 1000000000
384 1000000000
718 1000000000
526 1000000000
621 1000000000
116 1000000000
117 1000000000
795 1000000000
508 1000000000
77 1000000000
539 1000000000
174 1000000000
513 1000000000
872 1000000000
893 1000000000
342 1000000000
93 1000000000
355 1000000000
197 1000000000
436 1000000000
214 1000000000
775 1000000000
896 1000000000
825 1000000000
157 1000000000
357 1000000000
771 1000000000
533 1000000000
104 1000000000
942 1000000000
874 1000000000
859 1000000000
789 1000000000
347 1000000000
159 1000000000
216 1000000000
534 1000000000
985 1000000000
553 1000000000
932 1000000000
764 1000000000
544 1000000000
399 1000000000
469 1000000000
150 1000000000
133 1000000000
32 1000000000
408 1000000000
677 1000000000
599 1000000000
265 1000000000
988 1000000000
960 1000000000
854 1000000000
186 1000000000
410 1000000000
131 1000000000
929 1000000000
218 1000000000
729 1000000000
863 1000000000
796 1000000000
559 1000000000
476 1000000000
400 1000000000
267 1000000000
746 1000000000
134 1000000000
735 1000000000
826 1000000000
707 1000000000
155 1000000000
713 1000000000
204 1000000000
378 1000000000
499 1000000000
484 1000000000
127 1000000000
337 1000000000
278 1000000000
51 1000000000
618 1000000000
478 1000000000
879 1000000000
300 1000000000
143 1000000000
938 1000000000
672 1000000000
441 1000000000
303 1000000000
962 1000000000
774 1000000000
160 1000000000
501 1000000000
540 1000000000
217 1000000000
858 1000000000
904 1000000000
470 1000000000
918 1000000000
477 1000000000
132 1000000000
163 1000000000
516 1000000000
813 1000000000
23 1000000000
888 1000000000
434 1000000000
421 1000000000
669 1000000000
610 1000000000
52 1000000000
773 1000000000
906 1000000000
933 1000000000
738 1000000000
966 1000000000
110 1000000000
984 1000000000
0 1000000000
720 1000000000
366 1000000000
387 1000000000
350 1000000000
215 1000000000
857 1000000000
474 1000000000
697 1000000000
229 1000000000
491 1000000000
608 1000000000
41 1000000000
130 1000000000
681 1000000000
48 1000000000
916 1000000000
47 1000000000
812 1000000000
644 1000000000
7 1000000000
630 1000000000
432 1000000000
638 1000000000
882 1000000000
656 1000000000
71 1000000000
759 1000000000
96 1000000000
253 1000000000
327 1000000000
832 1000000000
22 1000000000
462 1000000000
101 1000000000
956 1000000000
546 1000000000
144 1000000000
302 1000000000
691 1000000000
671 1000000000
330 1000000000
934 1000000000
291 1000000000
88 1000000000
520 1000000000
136 1000000000
351 1000000000
21 1000000000
958 1000000000
989 1000000000
595 1000000000
688 1000000000
548 1000000000
381 1000000000
60 1000000000
837 1000000000
930 1000000000
185 1000000000
272 1000000000
105 1000000000
413 1000000000
714 1000000000
963 1000000000
964 1000000000
463 1000000000
894 1000000000
324 1000000000
851 1000000000
333 1000000000
766 1000000000
604 1000000000
397 1000000000
777 1000000000
118 1000000000
238 1000000000
20 1000000000
202 1000000000
153 1000000000
800 1000000000
884 1000000000
919 1000000000
43 1000000000
517 1000000000
973 1000000000
573 1000000000
634 1000000000
195 1000000000
246 1000000000
81 1000000000
446 1000000000
839 1000000000
606 1000000000
315 1000000000
175 1000000000
992 1000000000
346 1000000000
497 1000000000
359 1000000000
804 1000000000
883 1000000000
383 1000000000
138 1000000000
451 1000000000
909 1000000000
876 1000000000
471 1000000000
658 1000000000
683 1000000000
206 1000000000
980 1000000000
343 1000000000
700 1000000000
529 1000000000
55 1000000000
450 1000000000
786 1000000000
200 1000000000
900 1000000000
386 1000000000
736 1000000000
234 1000000000
222 1000000000
187 1000000000
798 1000000000
576 1000000000
653 1000000000
122 1000000000
318 1000000000
748 1000000000
358 1000000000
379 1000000000
780 1000000000
63 1000000000
59 1000000000
976 1000000000
248 1000000000
799 1000000000
866 1000000000
581 1000000000
521 1000000000
190 1000000000
236 1000000000
948 1000000000
838 1000000000
785 1000000000
354 1000000000
901 1000000000
803 1000000000
213 1000000000
726 1000000000
331 1000000000
249 1000000000
902 1000000000
84 1000000000
154 1000000000
614 1000000000
184 1000000000
983 1000000000
194 1000000000
210 1000000000
646 1000000000
312 1000000000
612 1000000000
690 1000000000
602 1000000000
405 1000000000
745 1000000000
554 1000000000
296 1000000000
815 1000000000
372 1000000000
417 1000000000
489 1000000000
855 1000000000
778 1000000000
848 1000000000
11 1000000000
768 1000000000
25 1000000000
505 1000000000
179 1000000000
382 1000000000
14 1000000000
753 1000000000
817 1000000000
565 1000000000
590 1000000000
235 1000000000
56 1000000000
192 1000000000
850 1000000000
168 1000000000
481 1000000000
607 1000000000
176 1000000000
892 1000000000
568 1000000000
622 1000000000
418 1000000000
740 1000000000
231 1000000000
275 1000000000
623 1000000000
592 1000000000
741 1000000000
167 1000000000
314 1000000000
730 1000000000
695 1000000000
283 1000000000
537 1000000000
211 1000000000
749 1000000000
433 1000000000
945 1000000000
483 1000000000
793 1000000000
281 1000000000
692 1000000000
3 1000000000
374 1000000000
628 1000000000
352 1000000000
597 1000000000
633 1000000000
819 1000000000
616 1000000000
853 1000000000
289 1000000000
650 1000000000
693 1000000000
940 1000000000
635 1000000000
8 1000000000
915 1000000000
944 1000000000
120 1000000000
946 1000000000
276 1000000000
575 1000000000
611 1000000000
889 1000000000
313 1000000000
675 1000000000
982 1000000000
270 1000000000
908 1000000000
2 1000000000
931 1000000000
849 1000000000
820 1000000000
619 1000000000
124 1000000000
461 1000000000
862 1000000000
739 1000000000
869 1000000000
334 1000000000
877 1000000000
166 1000000000
922 1000000000
171 1000000000
415 1000000000
706 1000000000
532 1000000000
268 1000000000
373 1000000000
244 1000000000
5 1000000000
75 1000000000
49 1000000000
645 1000000000
636 1000000000
555 1000000000
254 1000000000
328 1000000000
502 1000000000
542 1000000000
325 1000000000
57 1000000000
986 1000000000
152 1000000000
725 1000000000
89 1000000000
580 1000000000
189 1000000000
641 1000000000
829 1000000000
717 1000000000
459 1000000000
106 1000000000
419 1000000000
518 1000000000
180 1000000000
704 1000000000
698 1000000000
99 1000000000
108 1000000000
284 1000000000
361 1000000000
448 1000000000
905 1000000000
782 1000000000
742 1000000000
321 1000000000
227 1000000000
85 1000000000
827 1000000000
594 1000000000
309 1000000000
490 1000000000
626 1000000000
209 1000000000
199 1000000000
625 1000000000
420 1000000000
29 1000000000
665 1000000000
440 1000000000
712 1000000000
115 1000000000
61 1000000000
360 1000000000
538 1000000000
212 1000000000
978 1000000000
818 1000000000
95 1000000000
465 1000000000
998 1000000000
678 1000000000
732 1000000000
950 1000000000
412 1000000000
696 1000000000
571 1000000000
953 1000000000
473 1000000000
761 1000000000
103 1000000000
243 1000000000
852 1000000000
447 1000000000
1000
88704904 88704267 887040420
77193894 77193161 771936180
23717152 23716252 237165330
94165488 94165158 941654280
42749970 42749610 427496450
53730561 53730071 537296500
71410076 71409606 714094440
11664788 11664373 116641250
7816333 7816152 78159550
53439220 53438293 534382610
44598540 44597576 445979750
71042015 71041876 710415990
32651227 32650798 326502990
12759801 12759451 127596410
35534692 35534342 355339270
81860350 81859990 818601700
41760170 41759785 417599900
88183474 88182689 881833450
72015511 72014582 720146890
23340353 23339872 233402970
13893146 13892993 138925810
30920147 30920004 309200780
98867713 98867574 988673430
72612906 72612416 726122870
96213546 96212652 962132980
94988462 94988091 949879120
8585422 8584864 85847410
84935428 84934690 849346630
91894357 91893370 918940210
82283188 82282980 822831280
79277045 79276173 792761800
43197851 43197600 431973630
90132216 90131832 901321390
90246889 90246391 902468270
4370387 4369771 43700090
87963690 87962771 879630580
17514273 17514055 175139490
22180876 22180017 221803200
90623032 90622633 906225000
46731159 46730799 467308230
6054754 6054010 60541260
11792369 11791998 117920110
75684469 75684064 756840990
23239382 23238997 232390460
63853498 63852569 638528490
29245536 29244607 292452880
39716735 39716513 397164380
81532618 81532360 815316260
78776807 78776675 787763910
37964424 37963645 379636950
3053934 3053057 30531440
25165283 25164585 251651390
71474465 71473564 714737290
85581857 85581623 855810100
45939342 45938346 459384950
90611106 90610569 906105010
2984578 2984394 29838220
9054226 9053802 90541490
63445733 63445583 634449210
83916886 83916153 839165620
8816286 8815617 88161990
36372143 36371501 363718950
95506211 95505713 955059140
66714998 66714361 667148690
67014098 67013341 670132350
58264755 58263998 582646980
91659880 91659629 916590150
20258413 20258152 202582450
14138595 14138361 141382710
72758438 72757659 727581900
77317352 77317022 773164900
3224388 3223507 32237390
25670822 25670544 256698670
19338894 19338627 193381000
42589249 42588544 425888850
79393309 79393150 793927770
5670163 5669673 56701530
89284041 89283845 892834130
92238033 92237152 922378960
12255780 12254931 122555540
29518691 29518262 295184170
70896944 70896686 708968000
7649850 7648923 76496440
63632501 63631757 636323660
51120090 51119503 511195540
43242025 43241452 432418450
4698094 4697811 46971660
98769347 98768789 987685820
40369712 40369494 403695180
9218173 9217246 92180360
50464782 50463811 504640870
92839337 92838443 928392680
57170160 57169279 571700980
93690711 93690009 936905170
63823918 63823558 638232860
73757349 73756378 737572870
65082102 65081208 650811740
53260009 53259109 532599990
16134887 16134350 161348250
94363749 94363120 943631170
93296847 93296178 932965110
34598818 34598596 345978900
85336506 85335519 853359010
40811210 40810947 408109750
94633642 94632793 946327770
79617823 79617190 796169940
92615878 92615663 926151490
52052099 52051711 520515340
80350158 80349239 803492930
17844231 17843773 178438740
74956514 74955885 749557730
1045934 1045316 10454520
81760318 81759812 817594710
49976985 49976460 499769280
80674889 80674559 806746500
95439465 95439333 954386020
52000134 51999749 520000740
78863375 78862850 788632400
54133633 54133163 541328720
65980710 65980432 659801310
69300355 69299971 693002260
42348014 42347796 423472530
9768704 9768265 97685750
37500597 37500158 375003880
66808440 66808156 668076180
68345586 68345198 683454570
62511503 62510574 625111030
69105748 69105319 691054230
2805154 2804755 28046420
1489532 1488605 14887030
58891477 58891199 588908720
36741820 36741041 367410240
42234276 42233871 422335350
37711694 37711306 377111150
21774217 21773950 217734520
26133189 26132552 261324350
55988883 55988600 559881270
52957969 52957761 529578010
74571474 74570530 745706840
48345125 48344667 483448060
64559270 64558920 645585180
50113735 50113517 501130060
11815233 11814476 118143050
40557948 40557243 405573580
86745458 86745073 867446540
7896324 7896128 78953770
7989393 7988856 79886390
3849999 3849781 38492450
61625358 61624987 616247390
88852279 88852028 888517290
91142800 91142549 911420390
22385938 22385740 223850270
9858129 9857648 98579200
39606610 39606112 396060050
85693277 85692400 856929190
75257591 75256962 752569420
45218040 45217806 452170480
8184099 8183960 81834280
96994940 96994024 969941440
47538611 47538327 475381230
8543013 8542832 85426890
34853562 34852685 348532650
98882577 98882314 988820080
92738319 92737782 927382550
65226038 65225816 652257640
97627509 97626700 976274520
55642311 55641682 556421760
69475728 69475530 694748940
76813580 76813230 768134510
12302101 12301696 123019210
71428403 71428228 714282740
66660403 66659670 666601060
31402341 31401804 314013860
228857 227986 2280960
989655 989438 9890860
30824720 30824133 308238570
62973496 62972958 629725370
30126161 30125217 301256730
90878456 90878261 908781590
42447839 42446920 424478160
18736918 18736737 187361820
11966220 11965714 119660110
55015965 55015728 550159010
68601250 68601075 686007000
77300286 77300039 772999160
71157106 71156327 711562720
97384168 97383987 973834970
48908716 48908087 489085780
73425046 73424887 734246820
9191379 9191101 91905830
90137080 90136372 901368320
72297810 72297559 722970160
92089084 92088386 920890070
2005408 2005213 20046430
12459642 12459254 124589010
65766221 65765850 657660120
5885859 5885642 58853090
63051236 63051018 630506170
10116659 10116022 101162810
8829373 8828985 88292290
81306746 81305819 813059240
77596929 77596558 775963970
10438548 10438331 104382120
13033075 13032159 130322850
60263249 60263059 602625560
21992509 21991834 219924450
57584853 57584266 575847970
51126812 51126275 511264930
59991328 59990929 599909700
50111917 50111184 501116200
40914053 40913869 409131900
43590884 43590146 435900800
19584101 19583576 195840910
20853463 20853265 208527270
51613010 51612437 516120630
81427791 81427310 814271860
10637971 10637611 106376520
6519913 6519134 65197530
44389744 44389171 443893800
61360416 61359798 613603930
25586722 25586372 255859100
82222882 82222532 822226550
28693296 28693106 286925060
77956563 77956164 779565400
16108113 16107264 161073570
4856664 4856532 48561520
71482344 71481757 714817160
95602004 95601534 956012870
90765250 90764542 907648930
67511840 67511667 675117210
45807506 45807118 458067540
75360135 75359927 753597650
80913987 80913110 809132330
8139834 8139395 81392060
21908975 21908267 219084870
80377823 80377121 803769760
69325932 69324988 693249730
81029504 81029358 810292770
81716517 81716371 817155250
91625999 91625639 916254630
81385771 81385066 813857070
66990992 66990155 669900330
87944421 87944033 879441860
27430241 27430026 274298840
38339330 38338521 383391040
45115251 45114714 451148940
85039506 85038721 850388430
88109841 88108982 881091000
5654741 5654108 56539510
55424914 55424597 554247760
32630015 32629115 326297920
9880183 9880010 98798590
25798466 25798106 257977950
89351031 89350814 893509020
47789223 47788515 477883600
56758025 56757741 567573340
48229481 48229018 482286770
37275709 37275093 372749020
57241825 57241120 572411300
18558609 18558459 185577620
44075276 44074689 440750700
57840764 57840359 578399600
86277178 86277028 862769020
63934354 63934024 639341310
60238982 60238704 602387430
83163574 83162702 831628090
95877084 95876225 958763890
601232 600360 6005390
67645800 67645062 676453120
20703344 20702956 207032840
54084049 54083841 540838430
90161580 90160823 901607460
27938597 27938422 279378460
74190917 74190659 741903520
6643399 6643226 66427360
61665643 61664935 616654080
19326594 19326209 193257600
28009592 28009419 280092220
84978415 84977514 849780790
11114716 11114453 111140970
2677688 2677225 26768340
77660901 77660363 776601050
43738496 43738278 437379310
82023952 82023674 820232000
63073729 63073060 630737190
24972980 24972765 249724240
20813199 20812612 208130050
49199267 49199049 491987110
6376010 6375793 63752540
12913986 12913042 129132340
77160269 77159952 771594470
57678447 57678315 576783600
6043593 6043240 60432690
82781760 82781279 827817370
86648198 86647321 866479890
46881361 46880512 468804500
17838731 17838585 178377760
39124438 39123733 391238810
22730084 22729826 227291730
43968465 43967823 439684080
26667509 26667125 266672350
72170736 72170469 721700550
73505695 73504768 735050670
70508378 70508170 705076830
39529937 39529239 395292880
98778995 98778136 987786170
62613526 62612599 626131100
63729837 63729656 637294830
13574893 13574754 135746870
61103064 61102477 611028580
95540127 95539864 955392160
86014659 86014153 860139070
17574842 17574647 175741930
23895381 23895147 238948990
78881264 78880631 788810580
75223268 75222489 752227110
29962097 29961524 299617720
52978037 52977579 529778570
38356939 38356796 383562680
64704091 64703916 647033400
46346329 46346197 463456970
51426381 51425544 514262370
72152705 72151834 721521400
90104084 90103817 901032720
42315761 42315387 423153450
78577925 78577427 785773890
51282865 51281894 512819100
32663134 32662926 326627340
37439294 37439027 374387250
16450313 16449317 164499020
46904613 46903686 469044190
25131959 25131174 251311650
19040969 19040506 190401570
41284751 41284178 412843280
63380786 63380084 633802210
15056040 15055069 150559050
4554021 4553523 45534310
92316648 92316509 923165100
75747095 75746124 757469010
87478795 87478396 874784380
69636839 69636617 696364850
96328775 96328390 963280940
28646523 28646193 286460110
96413334 96412949 964126170
10087839 10087101 100872830
44395119 44394247 443942540
67094514 67094253 670939090
34510176 34509839 345092170
95822814 95822185 958228040
90993190 90992837 909924340
33322298 33321369 333221300
52416563 52416382 524165010
3057366 3056582 30566710
35225687 35225541 352251550
61604435 61604047 616039470
41082611 41081695 410818820
36793858 36793434 367929110
90626518 90626320 906256530
94709464 94708958 947089320
11093069 11092645 110927110
33219523 33219364 332191500
4690905 4690621 46900710
95337209 95336265 953363460
78667066 78666508 786661110
59924568 59923691 599244990
45620870 45620674 456204970
36891818 36891444 368914540
23711692 23711408 237108630
62363756 62363169 623631990
91467234 91466950 914671150
52760721 52760347 527599850
67533567 67532951 675332100
78752779 78752516 787520880
20163402 20162697 201632670
26224301 26224086 262240660
4026022 4025150 40256110
27664926 27664401 276644440
85876292 85875548 858758040
55092898 55092748 550920940
3666900 3665904 36665000
16477241 16477051 164764850
60817216 60816629 608165840
83819899 83819740 838194760
52188220 52187867 521878660
64307337 64306794 643073140
98983461 98982580 989831030
2353573 2353134 23533470
60776220 60775383 607753580
38207310 38206993 382067780
38888104 38887733 388880170
46207517 46206848 462068220
27158000 27157595 271579360
7708026 7707611 77076560
91181435 91180656 911806740
4595525 4595317 45951550
61057852 61057183 610576460
71370979 71370580 713708600
51451223 51450698 514509840
87901874 87901349 879010620
64820770 64819774 648206510
23287090 23286892 232867660
64758212 64757997 647572200
78190019 78189032 781898250
3628982 3628349 36287470
87284818 87284645 872844020
37903974 37903195 379037260
15743822 15743417 157438120
59246834 59246517 592459230
93108562 93107681 931077720
79499756 79498827 794996790
30272465 30272036 302720920
12611977 12611593 126110180
83045696 83045379 830449450
38970517 38969992 389704480
5562129 5561213 55617180
93781961 93781546 937812440
93302290 93301875 933013790
96645103 96644888 966443520
80481638 80481377 804810820
22420208 22419665 224199810
5615832 5614888 56148850
70809785 70808926 708091360
33961480 33961120 339611020
14013986 14013248 140135750
75742639 75741762 757422160
26577110 26576537 265767860
51942759 51942054 519420660
41688899 41687972 416882360
41858984 41858309 418582300
10326199 10325775 103259230
91348109 91347238 913476980
25058958 25058500 250582950
99956516 99956053 999556940
70557408 70556489 705573390
8707436 8706449 87073490
14383289 14382370 143825940
37364442 37364043 373642480
78095743 78095237 780953200
73113371 73112833 731132270
4440751 4439857 44400800
39596404 39595488 395956530
3842233 3841449 38414390
24862543 24861764 248616320
3476021 3475806 34752650
41285123 41284379 412847650
77844031 77843794 778433430
66895299 66894657 668945630
45035702 45034773 450348680
90150499 90150146 901495440
54943355 54942384 549424440
80350460 80350143 803498950
4476497 4476016 44761390
98040556 98040298 980405330
10319421 10319022 103190960
68468411 68468268 684676040
60105461 60104832 601047070
43940465 43940218 439402390
98162445 98161574 981623850
76793727 76793111 767930100
74347546 74346762 743467170
668635 668482 6685730
893444 892901 8930870
41869560 41868858 418691490
22355274 22354303 223549200
65272756 65272219 652718910
67872440 67872301 678723830
34560978 34560106 345604460
64589192 64588333 645891230
89493941 89493304 894935870
23713183 23712334 237127600
71900032 71899495 718992280
31307215 31306507 313066830
19073980 19073442 190736070
65551597 65551244 655511860
67495622 67495438 674952580
87264466 87264008 872641900
96406628 96406243 964057630
28968994 28968065 289687550
56694850 56694292 566940460
73641713 73640812 736413880
67981624 67981134 679813050
77347771 77347612 773471660
12331498 12331359 123312010
51836787 51835887 518365110
77332725 77332552 773326680
26599025 26598327 265987000
85710362 85710078 857094150
93339728 93339398 933389990
36815715 36815099 368156510
54660424 54659899 546596950
3183030 3182835 31828070
87793775 87793497 877934990
95446793 95446650 954459280
87396602 87396394 873960700
91993116 91992487 919929360
72531330 72530693 725306980
15185078 15184445 151847000
66736148 66735911 667357370
35817268 35816710 358164210
83968135 83967645 839680750
39853701 39853211 398534740
71983943 71983405 719830960
84362110 84361926 843615600
7519845 7519416 75196390
20463913 20463041 204632320
14766074 14765130 147653790
61080115 61079730 610794660
59469034 59468859 594681230
48371603 48370870 483707810
90698548 90698198 906980660
64846333 64845875 648456420
90419892 90419518 904198300
98160117 98159859 981592880
21072757 21072607 210720660
22392581 22392111 223924440
90903672 90903464 909029070
829640 829450 8288750
19580368 19579509 195803060
74588482 74588286 745881240
77816125 77815244 778155200
70149869 70149344 701491080
99123501 99123141 991234780
65518545 65518364 655183850
32899867 32899452 328991960
78479935 78479362 784790700
30263710 30262791 302636480
64695356 64695105 646951170
11420709 11420472 114203730
81065503 81065150 810647510
58884452 58883865 588842460
62945286 62944507 629447300
95260007 95259078 952599200
5431396 5430502 54310320
98643764 98643127 986427720
88360097 88359958 883594260
61371163 61370379 613706310
49563762 49562983 495637520
62615298 62614910 626144350
86056974 86056137 860568300
75987420 75987070 759868700
57789578 57788845 577887880
71051038 71050777 710508440
35734468 35734251 357340950
48071194 48070293 480711840
46205688 46205055 462047290
12195922 12195364 121953530
23171194 23171041 231710140
93019137 93018994 930188400
60996515 60996237 609956040
11484846 11484588 114845980
79153683 79153067 791528760
65881617 65881478 658808760
91495359 91494816 914951790
93850222 93849684 938494680
9111354 9110649 91112920
46248198 46247298 462473330
85455507 85454920 854550840
52199762 52199204 521988990
94252939 94252023 942521350
21852753 21851904 218522170
56339479 56338774 563394020
8549812 8548953 85495850
5656276 5656103 56555240
89789170 89788612 897887700
69316594 69316264 693157900
41424029 41423645 414239420
56631693 56631155 566315250
50164442 50164195 501643780
45343642 45343325 453434820
87422848 87422350 874218930
95429121 95428838 954284890
82360542 82359626 823601850
36372353 36371828 363716650
97152399 97151960 971522190
84083039 84082466 840829750
76989756 76989218 769896960
93445293 93444830 934451580
84521811 84521348 845214000
20238288 20238104 202373330
89373762 89372978 893735390
70049890 70049332 700493000
40683340 40682966 406831170
76576040 76575822 765753490
89317840 89317645 893169290
66510480 66510017 665095690
19382820 19382446 193821290
42040018 42039735 420397790
67599550 67599289 675988210
28347120 28346715 283470580
89507836 89506849 895076760
67386355 67385768 673861160
35050471 35049763 350497900
11652011 11651139 116511770
38963095 38962168 389627370
86533974 86533437 865336500
73772076 73771933 737713850
15061117 15060743 150609370
21657578 21656876 216567820
88237511 88236869 882366490
813421 813137 8132150
99282494 99281550 992818230
31144885 31143969 311443290
69167461 69166465 691666320
78878139 78877755 788773320
80777037 80776622 807764090
81762283 81761446 817617950
92144489 92144293 921436270
25973474 25973284 259732260
86419099 86418953 864186110
12017800 12016899 120168720
89421414 89420772 894204550
55782145 55781245 557812170
15353054 15352379 153526970
61988577 61987683 619879280
80289298 80288623 802886490
90283292 90282587 902832230
59123739 59122812 591231600
48487155 48486376 484868810
98886246 98885893 988861820
93893938 93893533 938933060
97828255 97827471 978280070
62286219 62285961 622854630
44999023 44998760 449986690
11151782 11150853 111516020
92175971 92175384 921752900
56832543 56832393 568320610
14127261 14126780 141268500
6308073 6307214 63078500
26733770 26733068 267332140
42058534 42058273 420583960
8269203 8268274 82691470
66584938 66584723 665840910
69267152 69266477 692665830
99616085 99615213 996151570
47439640 47438696 474390750
76070255 76069406 760695010
35512047 35511349 355117710
17081544 17080615 170809390
30535944 30535043 305349890
73285557 73284855 732849880
50372145 50371308 503718480
6941409 6941151 69412410
43865154 43865022 438645220
10220139 10219355 102196030
71836453 71835715 718362730
83269786 83269591 832689230
23692468 23691504 236920450
77922674 77922204 779225300
98030523 98030239 980298420
76784950 76784687 767842570
45601063 45600779 456007380
5406534 5405905 54064780
1210392 1210184 12095580
87277299 87276372 872772760
57850861 57850380 578506670
25496728 25496481 254961710
39080400 39079961 390796640
50175768 50175195 501753450
53532883 53532740 535328260
92211708 92211348 922109720
49021509 49021051 490211510
81565079 81564300 815642250
84837914 84837584 848373580
9682853 9682590 96825340
8052845 8052355 80527760
24474178 24473960 244739550
5004770 5003841 50047130
97580908 97580290 975800540
67566631 67566414 675665740
41626286 41625359 416255210
81741572 81740653 817413370
47052959 47052122 470524230
94991861 94991052 949914970
82568375 82567494 825675410
52030346 52029402 520300490
82979255 82978336 829789580
88666290 88665319 886657340
18267399 18267201 182671250
39325265 39324486 393249070
26354289 26354139 263534930
96854964 96854593 968546900
87679046 87678865 876786680
50706602 50706387 507063280
75196516 75196238 751956940
53511376 53511201 535108880
39722245 39722008 397218720
37198087 37197412 371978520
28741239 28740702 287410000
63804842 63803913 638047730
56945131 56944593 569444380
44334426 44333901 443334710
26654112 26653959 266539930
23554719 23554472 235539540
73721766 73721505 737210490
1607932 1607095 16075540
55059052 55058834 550584870
32748891 32748222 327488310
12930456 12929723 129295090
48842123 48841752 488417660
13755153 13754823 137541610
18283154 18282891 182828350
16462738 16462257 164619970
88778536 88777752 887785130
28628937 28628654 286288020
56344616 56344279 563439230
15875269 15874864 158745760
97352725 97352586 973517330
55254909 55254777 552541150
41596887 41596714 415960970
30997572 30996815 309974430
51510077 51509648 515093860
11486061 11485871 114851330
57614463 57614212 576135160
73667104 73666623 736666810
72338986 72338557 723383150
33107592 33106974 331075050
85978804 85978314 859781990
42742314 42741387 427419140
24888883 24888420 248884010
95259953 95259284 952593340
35778086 35777192 357771390
6617689 6617102 66176320
15643190 15643037 156426110
24717911 24717353 247171600
77663388 77662863 776632690
38810774 38810156 388099120
31582136 31581914 315819090
89404645 89403907 894042810
1489593 1489164 14893870
63832970 63832617 638321050
42264736 42264028 422642000
48840365 48839464 488398000
85802972 85802091 858022840
51878065 51877691 518779270
41114072 41113293 411137150
95831075 95830337 958305180
38909612 38908753 389088470
72231600 72231201 722313910
67200938 67200757 672002890
18402198 18401881 184015930
65983163 65982455 659825440
66632802 66632431 666325630
35888788 35888570 358879940
43618868 43618239 436183110
43036083 43035212 430353540
44166252 44165968 441661140
94084369 94083945 940843120
75070854 75070348 750700200
61806536 61806055 618065130
54488891 54488348 544883340
34462815 34462386 344624150
6517968 6517109 65171720
3777673 3777395 37768080
49236905 49236568 492368490
6304829 6304020 63041480
87014111 87013641 870137750
39081394 39081160 390806400
63736074 63735931 637351190
79533766 79533228 795335430
71273372 71272491 712728070
1569857 1569332 15691400
75205669 75204792 752047140
33512498 33512124 335122720
5187858 5186939 51876640
80079929 80079544 800797910
94166019 94165741 941657000
23268059 23267561 232676480
9376607 9376426 93763980
98990432 98990273 989896360
90729649 90728749 907288550
54047690 54046819 540476280
63986628 63986489 639859350
98128130 98127293 981278540
21036740 21036202 210366840
41228854 41228469 412281370
43284229 43283392 432839530
18786547 18785790 187859190
82739676 82739418 827388470
46142188 46141759 461420440
85803511 85803260 858027210
60227077 60226596 602267800
85087925 85086998 850876490
22709428 22708791 227092840
21590386 21590001 215898290
89757136 89756938 897565670
6078331 6078181 60779740
68766778 68765877 687665690
13269248 13269011 132685850
66255356 66254369 662551470
18778239 18778002 187774270
72402472 72402282 724018670
41456751 41456076 414560220
96889125 96888509 968887610
46356989 46356772 463565730
49198113 49197684 491979840
42292597 42292360 422917320
83707361 83706582 837065650
56021542 56021036 560208250
28669793 28669618 286690980
58262283 58261575 582617140
97045538 97045392 970450500
94077738 94077579 940771880
97808547 97808332 978080150
42967059 42966250 429666430
79236714 79235750 792365340
76654811 76654553 766540820
77042382 77041501 770417500
87458333 87457696 874577140
33680990 33680706 336808610
40253913 40253370 402531720
85865293 85864677 858644970
91989341 91988425 919890220
93110622 93110472 931100660
13728263 13727765 137279890
95723693 95722766 957229760
96730068 96729929 967295800
11445500 11444802 114453710
45482637 45482447 454822670
62625294 62624586 626245530
13202871 13202500 132023020
38661870 38661540 386618470
90124830 90124372 901240740
56896371 56896239 568959710
41079556 41079086 410793330
2412836 2412298 24118890
60875051 60874122 608740920
82791553 82790681 827910410
62741689 62740904 627412660
48605786 48605591 486050950
3362905 3362435 33628450
18252293 18251591 182521250
75812441 75812157 758120180
72615947 72615680 726150930
37933722 37933369 379330050
31299760 31298831 312993490
26956490 26955705 269564260
40091345 40090916 400905160
53962042 53961847 539616780
72464924 72464640 724640620
83223851 83223491 832229970
75556686 75556302 755560960
52493032 52492494 524922810
45765010 45764308 457641450
32853413 32852984 328533360
2770485 2769777 27699730
48075146 48074287 480750900
38545610 38544623 385450600
32275595 32274651 322754580
95569430 95568673 955685190
31102687 31102327 311021220
11461669 11461510 114607220
43611182 43610438 436103750
40480655 40480459 404799600
71685495 71684508 716854720
96059462 96059179 960587910
29142517 29142344 291417810
96676760 96676617 966764060
62336665 62336418 623359000
88234645 88234087 882339160
22977592 22977239 229768410
70303077 70302228 703030540
77238177 77237561 772376450
29661308 29660407 296604790
48386238 48386085 483859900
11553740 11553197 115536830
10395026 10394483 103947520
94904571 94903998 949038170
99814334 99814076 998140860
94514623 94514464 945138710
91820863 91820365 918201920
15737811 15737396 157375370
28215621 28215291 282152960
26431437 26431190 264310830
80895722 80894803 808951530
29892844 29892607 298925680
3718931 3718394 37185530
77504463 77503582 775039510
58142746 58142571 581419810
85458272 85457643 854581850
51522281 51521502 515212890
75173953 75173690 751735960
72104013 72103762 721032960
7733066 7732139 77328270
64227891 64227410 642273120
63929290 63928800 639286090
75881112 75880328 758805560
14036920 14036702 140365500
95932373 95931588 959318850
1847578 1847179 18473300
13858027 13857098 138572150
48175009 48174604 481748710
42034941 42034743 420342240
92012547 92012269 920116820
14752969 14752774 147529050
62786318 62785616 627857390
16287294 16286941 162872340
98662166 98661751 986615380
90766563 90765926 907661990
52018020 52017870 520175970
39047959 39047386 390472230
1106738 1106592 11063380
88808943 88808453 888081890
19915404 19914595 199147550
98071232 98070351 980705510
31254436 31253731 312540630
35284392 35284246 352836310
16572061 16571419 165720010
63957067 63956369 639569480
52692946 52692271 526928900
94091943 94090999 940912620
41022316 41021608 410214050
69079162 69079016 690788430
11330694 11329723 113299530
82940551 82939767 829404870
81748856 81747937 817480090
49023304 49022547 490226090
64657250 64656613 646563220
30605970 30605640 306055970
7868221 7867294 78676310
29050884 29050650 290507240
55090587 55089706 550903390
588160 587909 5874190
85393036 85392838 853929740
96142126 96141289 961417690
42920733 42919954 429200400
7876599 7876382 78761990
21917803 21917608 219171710
34703771 34702844 347032830
58477224 58476874 584769500
96046088 96045825 960458620
51882680 51882137 518818460
57152973 57152589 571522320
80545164 80544263 805442990
40689912 40689339 406895870
63986303 63986036 639862410
98505366 98505191 985046370
57825090 57824915 578249220
18305265 18304416 183042730
42163701 42163440 421631440
53765435 53764678 537651100
90210830 90210092 902107740
15632118 15631713 156313670
85645739 85645517 856452070
38455221 38455082 384550610
87646020 87645091 876457970
58031495 58030952 580308240
72842695 72841823 728419590
44909633 44908928 449095770
40411541 40411181 404111180
31346409 31345532 313463470
465976 465780 4651420
33825247 33824887 338251090
71538888 71538690 715386620
28027190 28026574 280268260
85409832 85409693 854092820
54152722 54152461 541520730
26611005 26610655 266107780
37566171 37565854 375656350
33452665 33451794 334520860
28046822 28046180 280462570
57602892 57602015 576021410
58556848 58556488 585562580
85796108 85795886 857957840
86791618 86791403 867909300
89601729 89601399 896007740
99293162 99292915 992929820
24696595 24695676 246958050
41911215 41910430 419108370
34752838 34752580 347522810
15702842 15702581 157023600
77864452 77864201 778643830
92748887 92748362 927486810
17288958 17288762 172886340
57652866 57652293 576521370
98570145 98569792 985697910
4499172 4498855 44986030
21228830 21228552 212280340
77442612 77441833 774422580
67376888 67376528 673761520
65581049 65580712 655802150
49027155 49026784 490268300
17700835 17699976 177002160
19571480 19571307 195705520
23031138 23030788 230301790
37902659 37902398 379018550
22197129 22196586 221968550
67893805 67893583 678931420
50667987 50667429 506672580
68019196 68018998 680183890
56500543 56500404 564999530
50709749 50709334 507091000
9968450 9968021 99682270
34828634 34828371 348278980
74522049 74521292 745213680
96250750 96250017 962506730
33619417 33619064 336187000
60607348 60606919 606065360
84583903 84583760 845833380
11524473 11523557 115239160
57151361 57150365 571506000
1000
151 3
66 5
208 1
842 3
243 7
228 2
374 1
959 10
91 8
697 7
659 3
385 1
297 10
934 3
468 6
80 8
129 10
316 3
873 6
111 3
63 5
420 8
983 3
631 3
205 2
382 8
237 1
343 8
131 1
345 3
957 8
669 1
564 3
923 3
734 7
974 2
529 7
783 9
761 10
651 7
180 10
912 9
2 8
54 6
927 1
35 1
270 8
605 10
32 8
8 2
604 9
541 4
338 3
182 5
495 8
400 10
473 2
251 1
56 10
339 9
159 1
530 5
462 4
760 3
413 9
499 7
758 7
253 3
250 8
108 9
286 3
335 6
893 3
915 3
625 7
809 1
882 2
555 2
381 6
653 2
834 10
639 2
472 5
710 5
524 3
241 2
589 8
544 6
410 9
750 6
402 2
39 9
848 3
100 8
500 4
199 8
133 9
597 3
135 10
830 4
326 3
685 5
656 6
846 5
136 8
914 3
239 10
235 10
824 2
490 1
302 6
18 2
393 9
883 4
48 6
198 1
334 5
40 6
404 8
158 5
218 1
671 10
748 6
506 1
312 9
446 6
891 8
110 7
742 7
662 8
831 7
889 4
581 2
523 3
663 10
666 6
227 10
519 4
126 8
562 3
642 1
687 6
926 3
277 9
513 3
328 4
224 9
739 2
629 1
855 9
696 6
549 8
303 5
773 7
684 2
924 2
123 6
434 3
680 3
536 10
753 9
148 7
175 1
867 3
617 4
421 3
567 8
353 1
415 1
46 5
41 5
690 8
646 3
33 1
702 1
984 9
616 1
918 4
467 7
266 2
391 7
919 1
970 9
259 8
358 10
77 10
396 9
146 1
560 7
973 2
53 5
153 1
678 8
370 10
570 3
58 8
486 5
416 10
987 1
554 6
321 5
797 6
163 9
378 10
977 3
10 10
618 1
389 8
431 9
551 5
233 9
874 5
29 3
293 4
363 6
492 3
67 1
323 4
794 10
432 6
789 8
587 1
776 4
102 6
141 8
443 3
779 1
756 10
682 2
909 8
364 10
438 5
86 3
177 7
327 2
704 9
368 6
155 8
287 4
638 8
187 8
965 8
714 3
969 8
978 5
209 10
27 9
712 9
304 8
744 1
981 6
394 6
727 8
849 1
439 1
190 1
784 1
267 1
92 7
801 7
751 10
225 4
590 10
929 1
913 4
596 5
445 5
920 9
724 8
664 9
52 1
65 2
178 3
603 7
405 1
796 10
94 3
313 6
932 6
777 8
790 10
871 1
880 9
613 6
12 7
936 4
476 6
366 2
966 5
263 1
142 6
76 4
652 4
851 6
910 6
535 5
814 5
725 8
661 2
487 7
811 5
90 5
361 8
451 8
634 6
695 10
81 3
329 2
184 1
787 4
43 1
435 4
762 3
109 5
903 5
383 9
575 7
885 8
888 2
192 6
686 5
349 5
858 8
677 9
565 10
55 8
862 10
557 10
982 4
935 2
412 9
466 8
899 5
826 2
215 1
491 8
401 2
999 10
898 5
812 10
948 2
31 7
782 3
655 3
511 9
386 5
238 2
152 9
285 9
539 3
718 5
49 2
310 4
397 4
588 3
854 10
598 5
620 5
975 2
861 4
516 7
510 7
553 5
269 2
798 8
624 2
743 8
833 9
939 9
875 7
689 4
836 3
20 1
255 2
216 8
520 3
991 5
793 4
423 10
268 6
961 8
214 9
611 3
221 5
98 6
115 4
599 8
594 2
866 5
988 3
531 4
723 9
388 1
578 4
34 8
458 1
202 9
315 2
890 9
244 6
127 3
300 6
967 9
188 6
857 2
810 3
380 9
545 6
498 1
456 4
676 8
337 1
633 1
518 3
963 4
440 4
990 7
99 5
683 7
766 9
768 2
145 6
288 9
265 8
905 7
449 9
788 3
379 6
699 2
196 1
942 7
68 5
674 4
245 5
698 1
872 1
26 7
219 2
707 3
113 8
960 2
732 5
635 8
543 1
125 5
904 8
803 9
387 3
938 5
946 9
347 8
193 6
643 6
583 7
478 9
806 4
688 10
600 6
223 10
941 5
808 5
705 1
976 5
341 4
85 5
577 8
952 9
767 6
384 1
1 7
124 3
736 10
665 6
483 3
291 9
647 4
459 9
832 3
23 10
4 5
971 1
351 4
717 10
425 4
645 2
271 5
342 4
301 9
71 5
42 8
568 9
566 7
737 6
709 4
781 8
362 3
817 7
907 4
595 8
630 5
769 8
471 9
262 4
937 3
538 1
282 3
628 10
730 7
475 6
878 8
825 7
275 8
50 8
230 3
840 2
542 7
292 4
408 2
720 7
417 4
283 1
962 9
911 10
951 9
21 7
324 10
186 9
290 8
786 2
943 4
933 6
815 7
156 8
843 8
179 8
884 5
481 1
601 2
346 4
272 7
433 3
649 10
692 5
841 2
220 7
561 4
234 1
640 5
985 8
176 8
813 8
667 3
657 9
852 9
240 2
998 4
731 4
844 2
87 10
759 7
869 9
556 10
36 5
172 2
429 1
392 8
828 8
494 9
307 2
398 8
602 2
515 2
892 8
103 8
174 4
377 9
322 5
571 2
876 9
181 1
958 9
994 5
19 3
201 6
771 4
3 2
931 8
580 5
359 2
986 4
162 6
691 10
62 10
774 3
940 6
746 2
627 2
778 5
294 2
197 2
925 9
894 1
371 1
470 1
713 9
895 6
593 5
582 5
552 5
460 4
804 10
116 1
537 1
700 3
650 8
289 4
325 10
22 6
533 2
373 10
407 6
860 8
279 6
73 6
406 3
838 6
785 1
906 6
134 3
703 4
706 4
360 1
185 2
118 9
150 1
877 1
157 8
137 10
154 3
376 6
144 10
166 9
606 4
37 5
496 3
281 2
461 6
835 5
30 2
847 10
829 10
139 1
799 6
493 2
112 8
497 5
69 10
453 5
868 5
15 4
879 5
821 4
463 1
448 3
623 7
896 6
419 9
88 5
670 9
550 10
694 6
772 4
644 8
305 3
355 6
615 7
897 7
592 8
424 1
735 3
194 10
24 1
534 8
318 9
5 2
295 3
106 3
479 8
503 4
101 8
465 5
344 4
947 10
395 4
170 2
25 6
206 10
93 6
584 6
856 9
38 1
701 3
213 3
348 8
57 10
816 9
658 7
993 5
823 4
738 1
171 6
944 1
522 7
507 3
168 10
502 6
637 1
411 10
104 7
183 7
258 1
636 4
138 10
681 10
964 1
800 5
246 2
726 9
474 3
945 5
399 1
284 1
521 9
120 9
795 9
336 10
621 6
217 1
204 2
444 5
274 10
254 8
886 7
273 2
173 1
82 2
330 1
508 3
79 5
827 7
7 4
248 10
654 7
164 9
314 7
357 10
130 5
320 9
13 9
722 5
949 2
189 2
996 1
574 8
469 2
331 9
972 4
775 5
229 7
403 4
954 2
447 7
352 3
930 2
252 4
484 5
452 5
780 5
859 1
14 8
409 7
989 5
140 2
729 10
306 3
558 1
675 1
480 2
660 3
805 7
256 6
70 4
995 9
47 7
427 2
212 7
210 8
673 6
614 8
89 8
350 1
60 10
754 10
11 9
354 10
819 4
648 3
755 3
64 10
428 6
802 8
128 1
569 10
489 6
74 2
917 8
44 8
845 7
719 9
122 4
668 3
59 3
864 2
332 5
264 3
546 9
740 4
195 1
715 5
149 8
572 6
442 9
610 8
632 10
887 5
356 5
619 10
853 5
309 8
728 8
641 9
956 9
749 7
84 3
441 6
308 6
747 6
61 2
953 3
207 3
167 7
514 4
741 10
485 9
822 10
418 5
573 1
922 7
232 3
540 5
764 8
9 8
261 1
437 5
276 10
820 5
95 1
165 3
257 3
83 9
454 4
916 1
525 1
512 10
75 2
72 3
488 10
609 4
770 2
980 4
968 2
390 8
242 9
45 6
517 3
902 4
509 9
97 4
711 4
340 3
563 5
317 1
721 8
807 10
837 1
850 3
280 4
333 7
745 7
950 8
505 8
559 2
547 9
367 8
591 5
132 1
51 1
839 3
526 8
532 10
716 9
369 7
792 6
482 10
708 1
200 6
372 9
6 9
608 7
733 1
422 3
992 10
107 9
928 10
612 4
576 9
585 9
226 10
865 10
78 8
791 4
901 1
528 3
365 9
0 3
457 8
299 2
679 9
693 10
430 5
464 6
311 8
607 5
117 6
147 4
908 9
211 5
426 2
752 10
765 10
375 7
260 8
436 6
979 2
504 9
278 1
96 6
105 2
16 2
672 3
921 3
161 7
191 7
586 9
622 3
870 2
548 2
203 6
143 1
477 7
236 8
28 2
231 3
319 10
626 8
114 6
763 2
160 10
296 9
17 4
450 7
527 9
249 8
298 2
900 1
757 1
169 5
455 8
222 1
119 10
121 7
579 10
863 10
818 5
997 4
881 1
247 1
501 3
955 10
414 6
