100
69724554 1000000000
99946862 1000000000
28862314 1000000000
39889210 1000000000
86308002 1000000000
48117552 1000000000
29339240 1000000000
94632275 1000000000
57938470 1000000000
48514788 1000000000
67654275 1000000000
29163102 1000000000
66529511 1000000000
16072603 1000000000
91272381 1000000000
13228954 1000000000
93139939 1000000000
20775100 1000000000
85888082 1000000000
26088457 1000000000
88469751 1000000000
27932796 1000000000
60867223 1000000000
63648434 1000000000
90633173 1000000000
51016961 1000000000
71257199 1000000000
95698912 1000000000
93351089 1000000000
21369720 1000000000
81730699 1000000000
96536391 1000000000
84552340 1000000000
16891306 1000000000
56459701 1000000000
28458110 1000000000
41367753 1000000000
11447944 1000000000
56833437 1000000000
60454031 1000000000
39541926 1000000000
28176420 1000000000
42952949 1000000000
23948169 1000000000
58573571 1000000000
31608612 1000000000
57328388 1000000000
83423288 1000000000
29815104 1000000000
26532832 1000000000
67207451 1000000000
95513033 1000000000
17084989 1000000000
26627992 1000000000
38017685 1000000000
30578016 1000000000
42660778 1000000000
97426015 1000000000
59717736 1000000000
82247050 1000000000
41296710 1000000000
66120344 1000000000
81722094 1000000000
72394414 1000000000
27028874 1000000000
43639098 1000000000
88465307 1000000000
69592336 1000000000
33578398 1000000000
48029985 1000000000
66922789 1000000000
78577933 1000000000
94600825 1000000000
31256816 1000000000
37613094 1000000000
68190072 1000000000
68094178 1000000000
23910550 1000000000
72547734 1000000000
91268406 1000000000
94852715 1000000000
55896043 1000000000
57552735 1000000000
82660863 1000000000
94028395 1000000000
39441603 1000000000
41484143 1000000000
10041124 1000000000
59631702 1000000000
83024718 1000000000
56132459 1000000000
98708293 1000000000
74126703 1000000000
75456343 1000000000
62686508 1000000000
74380064 1000000000
11226723 1000000000
31819682 1000000000
56477040 1000000000
30523817 1000000000
1000
18082 0 125680
3794 0 23653
958 0 5214
3 0 4
139637 139637 1112085
2372 0 13699
581 0 2952
36133 0 270088
3163 0 19236
40 0 128
417942 417942 3616830
2711 0 16072
70872 0 548000
252 0 1140
618878 618878 5425254
618878 618878 5425254
415 0 1956
725 0 3816
485 0 2376
3 0 4
24 0 64
125673 0 986409
125673 0 986409
11 0 24
157092 157092 1269180
2711 0 16072
176 0 760
415 0 1956
6286 0 41097
5 0 8
1393 0 7824
134 0 550
9222 0 61649
16 0 39
618878 618878 5425254
28924 0 212416
3 0 4
18082 0 125680
2711 0 16072
415 0 1956
56 0 192
3794 0 23653
8 0 15
24107 0 173880
3163 0 19236
958 0 5214
18082 0 125680
56 0 192
157092 157092 1269180
89 0 325
417942 417942 3616830
1393 0 7824
16072 0 109600
16072 0 109600
9222 0 61649
16 0 39
28924 0 212416
176 0 760
415 0 1956
5 0 8
28924 0 212416
24107 0 173880
3163 0 19236
958 0 5214
125673 0 986409
70872 0 548000
40 0 128
415 0 1956
314050 314050 2681802
2372 0 13699
176 0 760
139637 139637 1112085
252 0 1140
18082 0 125680
18082 0 125680
139637 139637 1112085
125673 0 986409
3794 0 23653
581 0 2952
2372 0 13699
11 0 24
485 0 2376
70872 0 548000
725 0 3816
618878 618878 5425254
1112083 1112083 9864100
40 0 128
3 0 4
157092 157092 1269180
581 0 2952
40 0 128
18082 0 125680
24107 0 173880
209450 209450 1740402
485 0 2376
107 0 415
134 0 550
1112083 1112083 9864100
415 0 1956
125673 0 986409
1112083 1112083 9864100
251323 251323 2117259
251323 251323 2117259
56 0 192
24 0 64
157092 157092 1269180
18082 0 125680
252 0 1140
16 0 39
139637 139637 1112085
3 0 4
157092 157092 1269180
16 0 39
20664 0 146336
89 0 325
31 0 92
20664 0 146336
3 0 4
24107 0 173880
139637 139637 1112085
2372 0 13699
134 0 550
179532 179532 1471140
2372 0 13699
31 0 92
31 0 92
48039 0 365336
24 0 64
48039 0 365336
2372 0 13699
40 0 128
618878 618878 5425254
16072 0 109600
179532 179532 1471140
89 0 325
3794 0 23653
31 0 92
24107 0 173880
139637 139637 1112085
958 0 5214
11 0 24
139637 139637 1112085
5 0 8
8 0 15
16 0 39
581 0 2952
70872 0 548000
24 0 64
252 0 1140
107 0 415
125673 0 986409
2372 0 13699
176 0 760
11 0 24
36133 0 270088
3 0 4
9222 0 61649
16 0 39
581 0 2952
4737 0 30254
314050 314050 2681802
9222 0 61649
725 0 3816
8 0 15
176 0 760
6286 0 41097
3 0 4
56 0 192
314050 314050 2681802
6286 0 41097
6286 0 41097
134 0 550
251323 251323 2117259
107 0 415
107 0 415
56 0 192
252 0 1140
1112083 1112083 9864100
5 0 8
209450 209450 1740402
179532 179532 1471140
134 0 550
3163 0 19236
134 0 550
139637 139637 1112085
251323 251323 2117259
31 0 92
1393 0 7824
725 0 3816
958 0 5214
725 0 3816
3163 0 19236
11 0 24
209450 209450 1740402
4737 0 30254
18082 0 125680
36133 0 270088
618878 618878 5425254
89 0 325
125673 0 986409
28924 0 212416
16 0 39
3163 0 19236
20664 0 146336
24107 0 173880
40 0 128
5 0 8
36133 0 270088
6286 0 41097
3163 0 19236
618878 618878 5425254
157092 157092 1269180
314050 314050 2681802
485 0 2376
417942 417942 3616830
8 0 15
20664 0 146336
157092 157092 1269180
9222 0 61649
24 0 64
48039 0 365336
11 0 24
485 0 2376
415 0 1956
31 0 92
725 0 3816
485 0 2376
251323 251323 2117259
36133 0 270088
89 0 325
4737 0 30254
3 0 4
139637 139637 1112085
134 0 550
581 0 2952
417942 417942 3616830
36133 0 270088
179532 179532 1471140
958 0 5214
40 0 128
28924 0 212416
16072 0 109600
581 0 2952
24 0 64
5 0 8
485 0 2376
415 0 1956
36133 0 270088
20664 0 146336
618878 618878 5425254
1393 0 7824
3163 0 19236
485 0 2376
31 0 92
107 0 415
179532 179532 1471140
31 0 92
28924 0 212416
8 0 15
134 0 550
5 0 8
9222 0 61649
31 0 92
314050 314050 2681802
9222 0 61649
618878 618878 5425254
24 0 64
725 0 3816
251323 251323 2117259
252 0 1140
958 0 5214
485 0 2376
415 0 1956
16072 0 109600
8 0 15
28924 0 212416
209450 209450 1740402
1112083 1112083 9864100
251323 251323 2117259
18082 0 125680
16 0 39
157092 157092 1269180
209450 209450 1740402
24 0 64
3794 0 23653
3794 0 23653
2372 0 13699
20664 0 146336
28924 0 212416
485 0 2376
252 0 1140
176 0 760
16072 0 109600
48039 0 365336
11 0 24
958 0 5214
725 0 3816
1112083 1112083 9864100
2711 0 16072
107 0 415
70872 0 548000
417942 417942 3616830
8 0 15
18082 0 125680
485 0 2376
179532 179532 1471140
56 0 192
8 0 15
725 0 3816
3163 0 19236
725 0 3816
6286 0 41097
11 0 24
3163 0 19236
1393 0 7824
725 0 3816
6286 0 41097
581 0 2952
725 0 3816
16072 0 109600
36133 0 270088
958 0 5214
3794 0 23653
485 0 2376
252 0 1140
70872 0 548000
415 0 1956
1112083 1112083 9864100
24 0 64
40 0 128
417942 417942 3616830
16 0 39
31 0 92
9222 0 61649
176 0 760
16072 0 109600
3794 0 23653
252 0 1140
6286 0 41097
1112083 1112083 9864100
24107 0 173880
24107 0 173880
1393 0 7824
725 0 3816
40 0 128
618878 618878 5425254
139637 139637 1112085
958 0 5214
70872 0 548000
3163 0 19236
28924 0 212416
56 0 192
8 0 15
134 0 550
16 0 39
485 0 2376
417942 417942 3616830
89 0 325
3163 0 19236
20664 0 146336
11 0 24
4737 0 30254
36133 0 270088
2372 0 13699
2711 0 16072
3794 0 23653
48039 0 365336
18082 0 125680
4737 0 30254
314050 314050 2681802
958 0 5214
16 0 39
16072 0 109600
70872 0 548000
3 0 4
11 0 24
107 0 415
24 0 64
179532 179532 1471140
3794 0 23653
16 0 39
70872 0 548000
36133 0 270088
4737 0 30254
20664 0 146336
134 0 550
581 0 2952
252 0 1140
16072 0 109600
107 0 415
16 0 39
179532 179532 1471140
251323 251323 2117259
157092 157092 1269180
89 0 325
581 0 2952
1112083 1112083 9864100
417942 417942 3616830
31 0 92
1393 0 7824
40 0 128
125673 0 986409
8 0 15
209450 209450 1740402
28924 0 212416
5 0 8
48039 0 365336
9222 0 61649
16072 0 109600
618878 618878 5425254
139637 139637 1112085
11 0 24
134 0 550
2711 0 16072
20664 0 146336
40 0 128
5 0 8
48039 0 365336
1393 0 7824
417942 417942 3616830
3794 0 23653
209450 209450 1740402
2372 0 13699
89 0 325
4737 0 30254
176 0 760
20664 0 146336
417942 417942 3616830
2711 0 16072
24 0 64
18082 0 125680
179532 179532 1471140
2711 0 16072
2372 0 13699
89 0 325
3794 0 23653
70872 0 548000
125673 0 986409
251323 251323 2117259
24 0 64
24 0 64
9222 0 61649
16 0 39
1393 0 7824
618878 618878 5425254
5 0 8
134 0 550
18082 0 125680
4737 0 30254
107 0 415
24 0 64
157092 157092 1269180
89 0 325
20664 0 146336
485 0 2376
3794 0 23653
5 0 8
4737 0 30254
89 0 325
179532 179532 1471140
125673 0 986409
1112083 1112083 9864100
36133 0 270088
89 0 325
40 0 128
3163 0 19236
139637 139637 1112085
36133 0 270088
314050 314050 2681802
36133 0 270088
725 0 3816
179532 179532 1471140
139637 139637 1112085
8 0 15
134 0 550
4737 0 30254
314050 314050 2681802
107 0 415
56 0 192
3 0 4
5 0 8
176 0 760
139637 139637 1112085
5 0 8
618878 618878 5425254
314050 314050 2681802
2711 0 16072
31 0 92
20664 0 146336
179532 179532 1471140
28924 0 212416
2711 0 16072
1112083 1112083 9864100
107 0 415
89 0 325
5 0 8
6286 0 41097
179532 179532 1471140
252 0 1140
415 0 1956
417942 417942 3616830
18082 0 125680
11 0 24
958 0 5214
56 0 192
70872 0 548000
20664 0 146336
9222 0 61649
176 0 760
70872 0 548000
134 0 550
314050 314050 2681802
725 0 3816
16 0 39
1112083 1112083 9864100
3794 0 23653
20664 0 146336
125673 0 986409
179532 179532 1471140
1393 0 7824
3163 0 19236
24 0 64
8 0 15
11 0 24
176 0 760
1112083 1112083 9864100
725 0 3816
28924 0 212416
3163 0 19236
4737 0 30254
252 0 1140
20664 0 146336
8 0 15
725 0 3816
40 0 128
107 0 415
28924 0 212416
18082 0 125680
1393 0 7824
2372 0 13699
36133 0 270088
31 0 92
3163 0 19236
36133 0 270088
36133 0 270088
40 0 128
125673 0 986409
89 0 325
209450 209450 1740402
24107 0 173880
581 0 2952
252 0 1140
3163 0 19236
415 0 1956
2372 0 13699
1112083 1112083 9864100
176 0 760
125673 0 986409
9222 0 61649
1112083 1112083 9864100
48039 0 365336
48039 0 365336
6286 0 41097
485 0 2376
251323 251323 2117259
9222 0 61649
4737 0 30254
581 0 2952
20664 0 146336
415 0 1956
5 0 8
28924 0 212416
48039 0 365336
209450 209450 1740402
4737 0 30254
417942 417942 3616830
56 0 192
89 0 325
28924 0 212416
40 0 128
56 0 192
618878 618878 5425254
24 0 64
16 0 39
725 0 3816
16072 0 109600
958 0 5214
134 0 550
40 0 128
2372 0 13699
958 0 5214
1393 0 7824
6286 0 41097
415 0 1956
16072 0 109600
958 0 5214
139637 139637 1112085
2711 0 16072
24107 0 173880
28924 0 212416
1393 0 7824
8 0 15
4737 0 30254
581 0 2952
89 0 325
24107 0 173880
958 0 5214
9222 0 61649
2372 0 13699
179532 179532 1471140
157092 157092 1269180
16072 0 109600
209450 209450 1740402
3 0 4
618878 618878 5425254
36133 0 270088
1393 0 7824
1393 0 7824
24107 0 173880
485 0 2376
31 0 92
107 0 415
6286 0 41097
16072 0 109600
3163 0 19236
56 0 192
48039 0 365336
485 0 2376
2372 0 13699
176 0 760
5 0 8
70872 0 548000
314050 314050 2681802
40 0 128
48039 0 365336
40 0 128
415 0 1956
417942 417942 3616830
252 0 1140
417942 417942 3616830
251323 251323 2117259
209450 209450 1740402
3 0 4
2372 0 13699
139637 139637 1112085
725 0 3816
28924 0 212416
1393 0 7824
4737 0 30254
2711 0 16072
3794 0 23653
125673 0 986409
5 0 8
36133 0 270088
8 0 15
179532 179532 1471140
2372 0 13699
20664 0 146336
314050 314050 2681802
134 0 550
24 0 64
139637 139637 1112085
252 0 1140
134 0 550
1112083 1112083 9864100
24 0 64
209450 209450 1740402
70872 0 548000
581 0 2952
2711 0 16072
209450 209450 1740402
16 0 39
20664 0 146336
24107 0 173880
28924 0 212416
11 0 24
24 0 64
179532 179532 1471140
176 0 760
581 0 2952
107 0 415
3 0 4
618878 618878 5425254
139637 139637 1112085
176 0 760
1393 0 7824
3 0 4
70872 0 548000
958 0 5214
125673 0 986409
157092 157092 1269180
139637 139637 1112085
314050 314050 2681802
16 0 39
252 0 1140
139637 139637 1112085
3 0 4
6286 0 41097
48039 0 365336
16072 0 109600
252 0 1140
89 0 325
2372 0 13699
28924 0 212416
20664 0 146336
56 0 192
251323 251323 2117259
70872 0 548000
581 0 2952
157092 157092 1269180
11 0 24
176 0 760
485 0 2376
314050 314050 2681802
6286 0 41097
56 0 192
16072 0 109600
6286 0 41097
70872 0 548000
3 0 4
157092 157092 1269180
16072 0 109600
89 0 325
618878 618878 5425254
8 0 15
134 0 550
56 0 192
4737 0 30254
107 0 415
314050 314050 2681802
48039 0 365336
40 0 128
31 0 92
1393 0 7824
24107 0 173880
20664 0 146336
4737 0 30254
24107 0 173880
11 0 24
56 0 192
6286 0 41097
252 0 1140
251323 251323 2117259
11 0 24
251323 251323 2117259
157092 157092 1269180
314050 314050 2681802
31 0 92
40 0 128
618878 618878 5425254
958 0 5214
3794 0 23653
3794 0 23653
9222 0 61649
251323 251323 2117259
48039 0 365336
56 0 192
139637 139637 1112085
3 0 4
415 0 1956
417942 417942 3616830
107 0 415
252 0 1140
179532 179532 1471140
314050 314050 2681802
251323 251323 2117259
314050 314050 2681802
9222 0 61649
9222 0 61649
3 0 4
209450 209450 1740402
31 0 92
134 0 550
618878 618878 5425254
8 0 15
485 0 2376
725 0 3816
31 0 92
157092 157092 1269180
20664 0 146336
9222 0 61649
40 0 128
16 0 39
157092 157092 1269180
251323 251323 2117259
1112083 1112083 9864100
24107 0 173880
415 0 1956
2711 0 16072
70872 0 548000
107 0 415
6286 0 41097
11 0 24
251323 251323 2117259
1112083 1112083 9864100
618878 618878 5425254
252 0 1140
16 0 39
3 0 4
2372 0 13699
70872 0 548000
18082 0 125680
415 0 1956
581 0 2952
252 0 1140
24107 0 173880
417942 417942 3616830
958 0 5214
16 0 39
2711 0 16072
176 0 760
24107 0 173880
56 0 192
9222 0 61649
314050 314050 2681802
251323 251323 2117259
485 0 2376
48039 0 365336
581 0 2952
3 0 4
4737 0 30254
581 0 2952
107 0 415
28924 0 212416
179532 179532 1471140
2711 0 16072
2711 0 16072
3794 0 23653
125673 0 986409
48039 0 365336
107 0 415
18082 0 125680
28924 0 212416
179532 179532 1471140
176 0 760
251323 251323 2117259
24 0 64
125673 0 986409
24 0 64
176 0 760
16 0 39
2372 0 13699
18082 0 125680
958 0 5214
6286 0 41097
56 0 192
209450 209450 1740402
134 0 550
70872 0 548000
209450 209450 1740402
6286 0 41097
70872 0 548000
4737 0 30254
18082 0 125680
4737 0 30254
9222 0 61649
3794 0 23653
48039 0 365336
8 0 15
6286 0 41097
6286 0 41097
417942 417942 3616830
157092 157092 1269180
8 0 15
209450 209450 1740402
16072 0 109600
125673 0 986409
89 0 325
70872 0 548000
417942 417942 3616830
157092 157092 1269180
9222 0 61649
251323 251323 2117259
24107 0 173880
618878 618878 5425254
89 0 325
16072 0 109600
581 0 2952
18082 0 125680
3794 0 23653
134 0 550
8 0 15
24107 0 173880
252 0 1140
18082 0 125680
8 0 15
725 0 3816
11 0 24
2711 0 16072
6286 0 41097
3794 0 23653
1112083 1112083 9864100
3163 0 19236
958 0 5214
16072 0 109600
40 0 128
176 0 760
4737 0 30254
209450 209450 1740402
314050 314050 2681802
485 0 2376
40 0 128
56 0 192
1112083 1112083 9864100
176 0 760
485 0 2376
36133 0 270088
3163 0 19236
2711 0 16072
8 0 15
28924 0 212416
3 0 4
581 0 2952
107 0 415
134 0 550
5 0 8
314050 314050 2681802
209450 209450 1740402
48039 0 365336
2711 0 16072
1112083 1112083 9864100
157092 157092 1269180
415 0 1956
125673 0 986409
5 0 8
3163 0 19236
139637 139637 1112085
179532 179532 1471140
8 0 15
20664 0 146336
89 0 325
89 0 325
314050 314050 2681802
3794 0 23653
11 0 24
415 0 1956
48039 0 365336
958 0 5214
107 0 415
31 0 92
417942 417942 3616830
1112083 1112083 9864100
56 0 192
1393 0 7824
9222 0 61649
48039 0 365336
415 0 1956
5 0 8
24 0 64
618878 618878 5425254
157092 157092 1269180
16072 0 109600
31 0 92
157092 157092 1269180
2711 0 16072
209450 209450 1740402
5 0 8
3163 0 19236
417942 417942 3616830
31 0 92
89 0 325
1393 0 7824
11 0 24
725 0 3816
36133 0 270088
125673 0 986409
4737 0 30254
251323 251323 2117259
179532 179532 1471140
24 0 64
1393 0 7824
417942 417942 3616830
5 0 8
2711 0 16072
24107 0 173880
415 0 1956
1393 0 7824
36133 0 270088
581 0 2952
31 0 92
5 0 8
56 0 192
2372 0 13699
16 0 39
209450 209450 1740402
3 0 4
48039 0 365336
24107 0 173880
11 0 24
18082 0 125680
31 0 92
176 0 760
417942 417942 3616830
125673 0 986409
11 0 24
125673 0 986409
36133 0 270088
107 0 415
56 0 192
209450 209450 1740402
10
8 4
415 7
125673 10
2372 8
3 3
24 5
16072 9
89 6
1 2
0 1
