10
425 6
413 5
131 1
366 4
279 3
719 10
658 9
441 7
569 8
217 2
1000
247481433 45 738186086
725411617 39 410827526
546793523 10 833835206
541628678 8 328171937
783923463 44 731351963
223799894 21 989473606
446260014 13 893348875
372464525 40 683592298
672561064 59 830965704
178007463 57 621133190
116789549 72 101854588
76110557 72 546744813
290582811 39 280392664
368058016 72 985164578
378232996 65 222442124
392761425 10 234641017
203247482 5 106133077
481368919 80 349348779
961782799 40 855358132
53101505 25 661289314
638328495 52 516909937
695749504 45 210844834
412521665 8 702277559
168132627 23 471054842
739437673 30 836032093
183043452 65 767759627
522233691 26 426227014
742972137 10 398846687
281939645 40 236441013
502469151 72 601272168
990205253 13 991313426
210182924 84 712359487
324250154 70 756301728
433563617 0 361203049
950173845 33 639224226
369555857 41 343706963
454734127 10 101086233
686569739 73 382017334
389421166 23 997199882
251638062 41 775878062
19814723 95 876666347
924293564 60 993209600
750245479 34 685084240
822261070 23 156236087
653296937 69 436428467
262319694 54 341615715
708932053 78 969687646
569962294 55 370962032
830186559 93 113596680
626689851 73 856523191
307128015 65 180482154
522136060 77 640063984
870746570 1 711141212
561407442 97 137459358
554275012 41 206706467
478938315 0 768924314
553103082 22 664446015
293384628 47 665860231
251348922 39 648737837
730273912 42 593692321
787373530 3 433928971
274022110 39 419541564
534920972 89 785754414
378615212 76 292863094
750552439 64 824172756
375502805 50 687314299
566331794 68 984400064
352300915 66 626763808
144509347 17 793268314
274568492 75 925277804
540545189 60 471012751
153903467 88 460872725
669025421 67 646857642
269462067 83 902770740
279243015 61 342880323
44281524 51 549364414
487477591 63 739749022
71988981 68 952765354
88653788 90 164203286
989426984 70 689276236
859672303 95 156921559
922087840 43 954793532
773477498 32 718311972
987266607 17 581462057
827722362 11 106106316
1232689 64 437145534
422390276 80 963695717
98848418 49 284238840
103249013 5 907761051
588355954 88 606926270
960971187 22 737191126
58380630 73 630955909
549277592 5 457788279
793358832 94 587765634
660115459 84 381349974
929553421 4 420171723
712369433 53 778618925
639213964 26 560360371
13270921 4 119150825
509813310 6 603476634
828414246 62 953197152
890480270 11 217363709
806683343 51 457805521
893802939 54 665525796
501723076 74 337930513
772054863 66 301488584
460664906 12 446287851
413978587 85 183548666
119235854 23 454748181
87011862 71 869907515
390418001 22 320271032
125149829 75 173705900
679743167 54 713345914
54122786 90 560870467
126862694 58 128828455
724555358 13 673829647
171743605 24 505872218
600528901 93 866746233
694300305 30 587375066
567837022 80 542233762
273016320 84 127795872
123009901 86 229220029
663194237 89 513798441
392444274 10 725500959
542758673 96 662599429
988377867 64 464216756
67388822 6 965990185
525375245 90 750713551
26592297 67 261409088
968892573 72 865180190
119684137 51 581370641
172683072 96 186700375
556688640 8 613957213
431751968 76 146782524
768114702 53 404491287
230379849 15 336863645
819292726 48 849025374
768543164 55 328461829
276799773 81 832687238
44035847 27 438273476
997363350 22 221538017
494194959 24 288868283
720481181 16 838921222
330398142 100 384832519
364183435 62 758628105
314568519 59 352237376
303557006 30 261413748
625797910 59 842306475
633384649 16 502247133
554201388 81 570281806
622551331 59 737416501
943318919 20 553802581
57337536 21 597168703
353452300 1 725024607
401745035 86 541408078
398757015 98 672826546
818381141 86 650261790
957800222 16 854753596
97914570 12 618389427
115628859 14 615953643
464106350 97 377006258
336147015 97 212288524
857215652 77 112999709
340569790 80 675054453
550413978 67 484017324
496094891 42 353419243
522335794 22 941904957
438395786 21 527366263
411726079 88 841544716
161204764 4 779974265
604078037 18 423668234
493015638 75 546990482
234076794 100 595138035
538288097 2 159041043
33423785 28 837705167
657157025 86 771994851
606550714 64 905643250
501619652 64 295787497
952881189 41 486682988
712692912 1 711070714
688247453 87 864527749
610258152 59 306910279
793775557 23 782057960
815382423 13 258495843
111378930 75 152763169
741708920 58 142711850
774372986 58 931403416
17476364 30 765365998
434681031 3 387574829
402729989 67 138878584
952931050 77 764605722
892939969 32 680095420
560694516 61 350604494
58594229 68 109887082
552718845 84 354715196
616434203 80 998552509
716468433 68 784258907
551564857 75 349305408
561557649 29 505890317
472171040 55 115703622
641226026 18 563646439
36081638 55 635196942
350634542 61 605415099
533027250 48 815264960
580738052 41 658450559
586987037 34 265227878
711801522 84 644257554
524755560 55 946006087
140170939 100 850612465
689825477 85 462822071
623502454 89 683282906
506465003 32 164646275
890089909 18 929755578
849596973 5 582248689
225254712 61 151868086
811663173 99 320729849
619608462 96 501303216
127752314 62 897501303
817147907 15 934716619
219696158 23 945486104
306110052 99 406188532
231626680 98 696400479
532965615 36 109476196
512477276 77 989722349
81444585 89 921712557
285951178 58 541327790
773398 70 876471884
515970451 66 996123124
298461829 69 936412169
215536861 63 777507041
824722933 88 992888929
555096959 23 180520115
95962147 37 430052440
433634980 87 995303699
562653273 16 525416627
366387191 39 291829941
651080548 76 394403782
853398137 93 422046667
291264799 49 504766392
603958042 68 629196923
350827830 53 408671607
318369468 35 417747658
543561750 31 259129741
235087576 74 652595339
507768070 38 335468596
195889199 38 487747792
148147909 71 399672757
657128079 1 978812533
35885454 53 260827535
695520156 16 329933048
36789562 55 818682839
301091952 66 166978903
655916382 1 855329712
41482229 81 917517360
46498824 54 956951192
858770932 63 559406965
366221929 40 820737215
215716011 28 613538217
709735265 48 682859675
507423793 96 615668751
631008584 48 179603934
848044588 43 875124206
480100255 81 122532689
449599657 45 856845988
447607659 67 966775779
287459561 51 461790340
311355824 36 953080511
893789336 32 727260156
609859584 99 357675608
401703594 18 870714177
247176028 31 623770801
718148974 16 764409914
296197466 24 409277308
817410089 78 298392797
923628953 24 970522409
880455935 19 370198245
938650533 85 742607790
501658559 31 583051887
95526169 43 635736395
845881539 75 803865360
642207222 85 907469347
192338282 25 415980809
184799894 97 229507572
883922800 83 938568948
947965656 36 957316618
441476855 38 946809604
197552961 4 377463057
30035484 58 847860778
698635838 41 148368348
788960146 97 450341801
715740211 93 270428395
559259205 61 637887042
357252081 15 539904806
235769370 4 397796016
46949289 57 975971028
735997977 0 153403190
2501183 16 202094317
309039395 42 940334030
789466381 94 722147265
890024351 46 122918932
26122838 75 398586408
920845196 50 425934479
21103023 53 856182569
610812351 16 243018454
539921961 94 477082553
613644576 70 998249176
903396834 89 565605441
479657368 42 324563376
693848459 77 208441541
456720665 81 352884205
115702820 88 616197051
297077429 98 117839296
202363519 47 194355313
692474963 69 703066071
489942804 27 156131764
717883677 0 671117308
786209222 29 374481634
996569050 83 398988366
262027464 71 502155201
306696409 62 997071372
842057717 37 519870078
691891139 63 805799268
324026074 50 976923124
914018228 49 177121487
971789465 46 924374603
61854015 8 522124843
333387462 33 510300698
971637176 15 206836055
809677653 9 515038484
423160746 34 255619799
556884307 13 510485768
66356008 55 317468508
455738820 12 772052374
539698570 24 155680463
331518698 100 637725984
282761727 5 553915633
709917180 39 786262292
92922680 38 481519603
155876490 33 514976472
286987450 97 921173006
840633641 62 976774650
322787327 6 319042621
753071540 21 668639986
38747054 69 102031084
834023768 51 572511784
818942077 93 705090438
868271878 37 372259158
561312478 52 217820699
713611921 36 251623228
833872652 17 780541479
552353875 84 136071477
335311751 69 776369745
413230775 83 370077970
888577809 18 490692141
782423711 50 513280358
888761235 6 794117052
332646272 75 520953150
230118114 79 893148314
964171458 33 802091727
453263585 48 963290754
127738931 5 916871118
329224496 47 373207679
63033191 25 459178141
293083311 57 767783852
574230157 80 988493423
197407383 36 918845092
150820691 37 339392756
388631522 99 680394581
716374465 33 551208421
978204333 13 434529522
953451964 65 784150253
72752823 31 135438773
518962699 1 256702097
600522958 60 542397839
624445207 52 560249099
460794277 36 785021831
263948552 79 966672805
743666644 5 715467083
114300578 5 818405799
537831229 15 367292158
616691249 24 979363820
386879775 14 936308928
821200758 76 272510906
570827751 82 583870161
917251076 14 475622558
642615710 24 562467196
186054434 48 114630939
747700663 13 926794846
668689881 36 483894230
482912185 98 768407493
468708273 46 770600492
656401344 52 473356892
335121571 83 446850076
200867742 19 151140871
763558504 4 105066034
270469619 60 415295380
826191874 25 109159166
896896493 18 543826964
369705286 48 961824792
243971192 79 259984555
734796022 49 937865331
656506345 32 463713736
242974307 51 698307687
771724289 62 874989819
800559545 81 133142553
809082931 74 446700431
359789218 83 466510981
134567121 98 673674693
164611128 34 785830472
879161660 27 592358545
873416824 83 738844528
304356557 59 377997547
856198100 96 975017983
250620493 0 248938808
948074094 0 959354843
323314609 93 491543880
866305477 46 872451113
579797020 25 789883339
452947136 16 863714690
737722883 33 261358860
154306569 9 592834047
896841560 26 300199183
550085827 57 913358452
750194581 28 925418158
338834858 23 540279227
211613669 51 231402057
677895288 68 139964067
317268378 70 500324200
375687449 21 776803148
364001848 48 573719001
210090941 51 136798250
365525780 18 502569458
599477043 22 375394208
931925540 70 748151383
685421662 59 153216130
931732669 17 728280579
442287291 97 205807541
940915464 0 352515182
784324601 48 112528235
755003994 89 829189709
345181044 11 799072108
374260017 91 547696340
729963853 21 264268229
139736720 61 561287996
626301651 7 752112526
433461552 30 257713450
945184580 69 741657180
328633404 12 345867759
270841038 9 480877399
890846300 66 916356093
153058860 86 321756678
35509766 80 229052333
363086900 86 981689165
643704252 32 238239304
477387248 52 576912190
596134918 41 409801985
241828379 8 890413857
389996180 66 138156938
14477216 17 635955214
414695523 78 789241593
325449160 90 796350695
138957938 94 241666726
779939710 97 877432668
746889711 49 901518332
864321998 52 876322283
267754908 56 740933096
978633679 28 386651944
935751646 93 559080694
41457342 32 271386190
628174140 21 136054859
273671561 81 588184212
624245892 59 498106404
653594851 66 427096614
708508185 78 729483665
535778196 52 463385512
249707998 85 697508891
432941870 72 992555998
485466803 20 512173723
582151335 91 179820306
941631802 24 955013206
889053209 46 285874207
480556820 65 375787961
588767691 46 927059858
777680174 54 802662521
108122691 95 408769976
986654246 19 557122941
781832469 54 320847921
709884628 7 613392328
327824791 21 657080380
244379570 93 376928420
740987943 18 542036218
253228320 54 729420758
594803978 8 884202611
312737070 47 813042265
409595919 94 698797477
937203098 21 823619838
660984568 32 653978127
538680605 77 541667002
701624584 17 956320102
553461320 84 151831628
334921543 89 709970633
657574496 3 419438311
47422809 80 920632191
972176347 17 705974140
56324460 8 789456098
365557642 53 683532277
715520941 42 364050777
767082450 67 321514591
78141320 1 780603171
202386378 90 758571252
744527817 48 332003363
631752375 75 674451025
786096536 31 392749825
520352902 6 108132012
285409791 85 430588040
281024758 23 836820956
667245494 77 182239737
371679047 95 747482733
740846555 63 305416630
774171202 100 443080639
477754411 36 411262232
463410977 81 399904201
819376727 56 436815275
839129117 39 540642924
60637903 25 261580879
366270856 6 696866435
758670 74 431049542
152530209 66 639129013
414387535 33 265426061
159953793 98 262476801
101844855 52 438509595
630714349 86 371990596
770557314 46 533042443
694332694 24 713145021
848632077 33 562591015
110215894 89 377460264
681029375 40 417117866
238379872 16 760273654
105037034 83 319575019
366540370 1 202459971
163361793 28 195629980
241844397 66 260130197
155000035 67 699158425
526948291 18 567210030
840626566 69 373368035
338385162 68 963304517
401135853 14 945768911
525118565 58 409786486
494924209 44 134162278
996022104 44 355488093
828331558 94 938822979
338486224 54 424611371
582330970 55 741590269
382231032 34 196125627
775595079 5 957486293
224449095 84 430374156
11180967 52 182250805
51486567 89 156575574
83254905 46 876633437
965045996 95 826570708
597248630 29 759294842
974103939 39 710965351
993444161 79 554778604
933137827 7 239744813
702791891 10 752179416
781792993 89 442318903
443222849 74 998391567
363685122 29 185708338
343088148 2 787058380
713274678 6 726347138
909911180 94 342021153
925443632 87 836751152
797132560 98 359718807
565577338 55 410201944
242764070 21 880908824
823068590 43 954433445
240269659 68 759791561
764169626 95 577839444
868133899 0 308996946
178376466 56 909774511
960754681 19 854535681
61654330 63 786569542
435326885 77 412227487
823885728 41 546528602
882003764 16 161936130
470417971 45 226466548
712421784 89 460057809
613699408 79 184755963
788147630 12 671953047
295991984 22 619414681
507827532 86 748598949
559141997 47 180426446
588117199 53 879543707
582301399 97 648883973
766459957 76 616374857
511595561 95 615586894
704548841 48 990840210
411372948 82 731112921
589845971 7 371081045
869130231 8 674006911
964232486 22 430759330
308299663 16 154962197
407096286 13 240220698
633963122 95 399214479
530134083 76 463848366
300247650 86 421536297
107787481 34 661988638
179813379 91 347164065
181873860 26 678708696
477216612 95 217406081
340247783 11 948861656
886727341 70 780909805
503378703 0 766711034
266698650 30 276697772
630484409 39 430151821
883675902 75 887893975
878196644 36 372872661
198169261 58 954624326
890705510 52 590015192
773439071 47 524284308
925510216 1 562369769
811041201 12 622613285
507651045 29 141287380
354729275 21 781956379
703567086 17 913143152
214066262 1 230449852
358674775 76 314911538
457211230 43 194967590
686518797 83 612513779
591009250 12 176983037
648480137 52 407570686
252385938 75 821781063
392195582 39 264728699
982653703 74 820058064
952700289 79 354052355
488294365 78 702982889
789397835 89 495573195
167323150 64 279229721
489317985 44 891389772
455674681 44 884018856
377438948 4 705053190
589117577 74 874765396
432638478 97 122059006
60895980 3 915740296
978217862 55 764099375
454870163 20 223331675
527764220 16 616870797
686532928 45 878845739
759984170 54 536419426
404220344 65 593728110
55323157 91 147600971
78254885 56 775249841
440210525 18 276621564
973995869 79 713081890
168923453 94 228900830
98829348 80 261238368
66342008 35 343615972
940136180 88 283392419
367840273 70 921272226
891838492 42 302932333
340673222 41 335554320
586547647 34 216237924
327572692 40 769822806
923928288 97 402886844
600915985 73 807160580
497275158 7 826257196
334358579 57 608990318
495074442 32 703533624
109718847 75 892622492
427990548 75 302156892
258240155 47 497531320
726188191 90 666239716
20468657 31 861822578
627270532 34 578276989
615225892 34 680247244
769977393 74 931041914
858640115 75 191164082
16725588 60 441124220
458134258 67 299400738
922379276 37 566118295
739934334 78 806749502
859842564 39 172671460
902114196 52 922919104
489404591 43 536077249
627076775 44 843645988
380932756 12 474819376
555633928 7 505583358
3967607 30 197522037
30824716 0 101711986
579164360 10 956845485
832859836 52 239214791
920546785 23 703261069
213921806 94 590005580
771210374 35 431814336
415491345 45 102763265
162060604 74 227422532
324747334 19 495975425
93090530 16 545946798
755036108 42 413648445
794902123 94 708350580
865409099 23 754759785
539262039 90 210722863
545361046 99 568991443
679967367 61 653901268
262398690 54 250319011
930766813 76 251701254
692076901 23 148770640
507269702 87 444864633
913659772 81 574671104
382077105 69 603173898
513451958 84 913669189
451456728 96 892982066
495366488 94 627101734
67157749 51 796049997
555197229 53 943711334
298344681 46 804353266
230963183 27 183508421
873570689 40 555045820
410001531 5 333050329
759501798 99 314852586
297760734 56 407411229
816454190 74 230054755
332216389 7 790887648
258895957 33 586919569
85293714 44 781600522
744531954 88 289333061
321709015 86 488384326
505761607 15 346948484
700591642 49 716789164
167663651 4 477968992
804164002 11 217674735
596802526 79 549489405
648603324 35 438509559
469888356 42 279116612
403572509 38 763644494
758000500 75 605973994
111196252 9 422445165
808504838 75 199094811
606401082 63 470489822
158661550 30 669768185
370609344 99 364400902
882454731 65 298278890
964344168 75 174030276
476706320 36 546111287
206268111 88 133402014
606669068 69 948380509
291638126 65 755995654
725117559 46 351939350
918975182 90 722572032
299326079 61 619762183
621044888 84 186325809
804301250 89 612779956
458688537 58 947094840
562725715 45 620492005
286624175 29 127884488
626197977 82 904769937
918737688 65 980124601
465187708 7 404312966
235510839 100 156464180
414945903 54 275426401
700210467 71 578983332
304064863 43 832941464
335090255 22 901802348
156848183 64 396865892
927923036 29 606934918
472097144 52 707618955
595412719 88 972610178
788460476 98 392291900
957768138 11 320783947
130368082 13 624195918
835009790 44 874009119
983068037 36 144460504
856424175 88 419522107
924470085 5 470685184
123735434 9 503025005
446924675 92 617655364
364312504 74 254859627
112856827 37 290520990
506081090 22 799176059
327657994 86 145936034
994878756 51 878816068
421699915 0 544508252
989942245 25 161952453
280922125 5 854518736
902065945 84 787250484
80938587 60 760270987
464320706 79 360630937
995161213 8 533018414
624365614 47 226489444
730625097 85 686438138
342360363 49 911569055
415759772 81 834239864
930236646 34 221448256
17789147 46 866396959
543510662 89 913772332
520281598 28 210161964
478289870 21 113016629
579553218 97 295181404
557349124 4 296610571
956339725 71 234825731
663768609 67 228443564
679962997 79 690101484
582119299 40 289959769
204065200 4 503274725
520951944 69 917194237
335289559 13 551292999
36831101 46 576838590
885232664 44 291794459
557752287 8 947442884
772910222 84 260296295
807919608 73 229242645
600917489 83 247676681
47114621 84 839243453
827577591 80 627852078
457240658 44 505340574
196976916 46 936160045
453112951 42 611881902
298754856 3 797796180
871640115 18 956799587
435466180 94 517104842
635954739 82 214317822
405790233 12 475932273
209029092 18 776982170
265655600 58 158312677
607684571 83 627888471
331582242 1 225959946
277257913 60 338574284
116957238 76 838177483
604424567 43 143098880
708704015 15 756687245
818664239 49 447525444
931196817 28 985003757
848388959 62 377889872
85033173 4 206313309
458514747 37 323723859
602437891 88 550705892
439035296 35 708328715
635067787 24 586084276
702551059 92 314511242
117926949 19 172690580
775711479 60 897768745
69853878 87 147498432
959982287 37 562869863
226859809 64 309750285
836692463 77 355394813
721205829 13 711251114
152370947 90 332942194
561038953 91 766652542
224444670 17 387349994
150015237 23 144887739
240408870 98 831171333
696744877 24 393257364
369034624 19 176695421
14822552 45 199158747
598238644 51 778962973
295481807 56 583740019
590465228 83 996981578
259915533 9 681497977
239242030 17 681010551
797936796 100 704758343
385209513 43 386559238
954345432 44 118927612
475458426 34 628604894
411773565 81 449104760
832101232 57 398988108
148582289 45 770810099
24733967 4 335480884
47155008 12 823377868
608505498 10 189937720
324526596 72 824847974
651026735 95 206444119
853534684 71 136577829
828664420 77 700973868
204163330 19 899384259
457591119 47 593595253
793997510 74 762966293
915364876 1 396996289
788563651 10 406712676
534978181 65 876512559
231972954 69 221896970
930037590 22 892809918
10747761 20 181690272
870134105 81 490172454
797998631 10 915518849
339184362 8 950284159
712614635 57 478934634
940460 53 980356441
489608955 26 360736336
532072791 97 268795056
170159164 25 885314218
909686111 4 707529068
465482476 27 598625004
823490342 49 385905941
404105106 11 575312872
532784501 9 838848809
887417476 25 908970741
626362753 16 444420649
520056485 74 995380451
494811039 69 853630904
312629206 91 315894753
490305466 66 429525161
124055411 81 251758505
234619653 31 775297614
993870623 29 114066553
702173717 60 103571257
954736333 51 670441730
566827391 89 944353574
342831029 53 746005585
316094931 86 641567832
366312785 63 247781621
886226888 79 465823633
571195318 19 315053840
577931081 2 762359170
521819870 11 205600702
638845805 69 516776953
641454355 27 125600356
849816184 64 611781416
895745593 69 961681477
334382064 22 332492309
639106836 40 387297782
914649708 0 287820780
795404605 20 346914906
557535725 6 274621847
101161478 11 242086302
669904179 90 594424280
77410282 4 187261496
796395302 21 537506715
678592617 31 663447515
559311260 79 913193252
76218577 34 663786661
361390822 44 154021768
648543722 80 722565287
570016073 34 230017288
533535986 79 478644020
950531096 40 251523167
998426114 81 122394190
658154642 51 445502523
240570090 69 668686205
42301285 13 597886896
814171241 17 379589641
932559976 99 461830227
840958243 45 361741843
386126176 23 266604528
633135183 46 332750452
191262456 73 556317282
520233609 67 207166857
767804123 85 687290231
869743908 96 323449270
287525712 1 804238901
916192891 63 869148998
950607594 41 832719412
439163038 8 637956366
725367932 27 500164423
372615926 4 986198723
852310771 46 711867274
770935108 85 731916159
630022540 61 643764415
887200959 31 955820793
380692142 56 685938288
413254523 47 485869966
824213957 7 663144774
54480164 90 391576743
213424777 68 430923889
91281032 12 928776353
141323128 45 488907821
354232377 63 702536597
424231801 28 937808720
645647227 32 575927902
673592051 80 289927912
620801508 60 574147413
857319603 0 270295672
15197020 77 691687223
972873260 70 533874990
491045832 99 637651182
710623400 60 349558985
603137734 69 469680252
393629644 76 568094008
261597506 19 588217541
608817513 22 255660151
971784441 93 400399125
779468519 39 224509420
143946931 61 877545604
423561398 35 831972617
490894061 43 313449223
668112921 77 251098452
687427495 54 787295542
237187350 44 814092490
592848481 66 719751416
157080752 44 825452662
600872173 10 563079900
647976000 69 486931413
373553415 0 895624799
743995543 26 622059839
235654788 21 384011051
489888832 60 874187308
766031086 28 170096592
15921529 74 352222416
669662123 25 479916844
841080400 13 101844634
695751909 95 629628189
500
242 115
927 468
706 345
896 451
462 235
403 203
103 53
727 358
669 328
256 125
303 151
201 97
485 246
320 161
440 224
292 145
344 175
331 168
655 320
421 213
524 260
333 169
828 413
46 22
340 173
615 300
11 6
851 423
123 65
195 94
786 389
269 132
321 162
454 231
14 9
36 18
465 236
472 239
810 404
877 440
656 321
369 182
856 427
879 441
100 51
645 315
661 323
270 133
224 108
427 217
798 397
214 102
715 350
480 244
803 399
600 295
391 196
387 194
381 191
183 88
778 387
107 55
188 90
181 86
413 208
713 348
393 197
339 172
78 39
943 476
247 119
796 396
291 144
997 498
64 31
221 106
662 324
929 469
551 270
728 359
758 376
146 71
475 241
730 360
408 206
697 340
626 307
394 198
861 430
945 478
482 245
593 292
44 21
923 465
402 202
576 283
445 228
55 28
71 34
379 190
719 352
175 83
252 123
294 146
141 69
696 339
435 222
49 24
891 448
987 492
191 93
658 322
993 496
219 105
85 41
434 221
22 12
374 187
571 281
794 395
128 66
306 153
887 446
755 375
265 130
529 263
172 82
567 279
750 372
314 157
287 142
770 382
89 44
953 480
793 394
931 471
47 23
254 124
244 117
742 367
854 425
767 381
81 40
330 167
909 459
569 280
992 495
646 316
452 230
804 400
759 377
250 121
596 293
648 317
147 72
274 135
723 355
743 368
3 3
540 267
790 391
28 15
76 37
8 5
620 303
874 438
532 265
228 110
708 346
628 309
54 27
609 298
98 49
633 312
558 274
1 2
704 343
416 210
525 261
865 433
114 58
589 290
876 439
399 201
604 297
494 249
189 91
474 240
461 234
915 463
898 452
903 457
530 264
115 59
640 314
0 1
288 143
792 393
121 63
986 491
807 403
232 112
409 207
899 453
155 75
430 218
414 209
263 129
749 371
443 226
441 225
914 462
840 419
801 398
116 60
639 313
960 482
202 98
511 254
407 205
112 57
627 308
215 103
663 325
989 494
621 304
316 159
92 47
309 155
134 67
397 199
736 365
999 500
58 29
623 305
557 273
432 220
199 96
35 17
676 332
164 78
61 30
867 435
734 363
26 14
942 475
513 255
301 150
324 163
211 100
585 288
261 127
765 380
836 416
926 467
197 95
170 81
370 183
667 327
982 488
881 443
249 120
563 276
998 499
629 310
516 256
275 136
853 424
159 76
343 174
455 232
51 25
711 347
864 432
271 134
616 301
168 79
855 426
805 401
312 156
679 333
32 16
788 390
77 38
439 223
673 331
866 434
814 406
176 84
826 411
782 388
260 126
690 338
299 148
849 422
556 272
754 374
328 166
762 379
944 477
477 242
726 357
88 43
980 487
671 329
872 437
832 414
573 282
842 420
230 111
245 118
372 185
371 184
564 277
223 107
747 370
448 229
12 7
935 472
138 68
190 92
38 19
240 114
938 473
714 349
227 109
385 192
539 266
179 85
591 291
152 73
680 334
586 289
974 485
925 466
338 171
681 335
880 442
811 405
296 147
560 275
701 342
503 251
499 250
122 64
746 369
902 456
821 410
722 354
838 418
169 80
919 464
771 383
837 417
911 460
859 429
735 364
617 302
718 351
869 436
490 247
577 284
683 336
185 89
68 32
281 138
350 176
216 104
352 177
650 319
760 378
204 99
806 402
939 474
581 287
315 158
930 470
913 461
145 70
542 269
471 238
53 26
649 318
478 243
752 373
888 447
282 139
325 164
598 294
469 237
390 195
426 216
553 271
20 11
907 458
948 479
885 445
334 170
375 188
101 52
815 407
527 262
894 450
884 444
86 42
94 48
365 181
672 330
304 152
17 10
833 415
958 481
985 490
418 211
700 341
182 87
90 45
327 165
732 361
664 326
110 56
988 493
984 489
99 50
251 122
317 160
118 62
458 233
541 268
820 409
277 137
776 386
579 286
791 392
733 362
705 344
818 408
213 101
262 128
508 253
603 296
24 13
978 486
70 33
13 8
506 252
613 299
373 186
519 257
283 140
162 77
404 204
962 483
994 497
827 412
266 131
720 353
154 74
376 189
423 214
243 116
425 215
106 54
386 193
43 20
900 454
431 219
523 259
4 4
307 154
578 285
91 46
444 227
74 35
521 258
353 178
398 200
901 455
565 278
286 141
862 431
238 113
857 428
893 449
848 421
117 61
773 385
689 337
75 36
973 484
359 179
300 149
360 180
741 366
630 311
724 356
420 212
772 384
624 306
493 248
