100
391 1000000000
525 1000000000
417 1000000000
315 1000000000
215 1000000000
414 1000000000
251 1000000000
502 1000000000
810 1000000000
965 1000000000
468 1000000000
591 1000000000
151 1000000000
749 1000000000
789 1000000000
205 1000000000
921 1000000000
83 1000000000
827 1000000000
495 1000000000
826 1000000000
774 1000000000
104 1000000000
790 1000000000
235 1000000000
313 1000000000
838 1000000000
509 1000000000
399 1000000000
684 1000000000
719 1000000000
665 1000000000
175 1000000000
532 1000000000
238 1000000000
779 1000000000
915 1000000000
109 1000000000
792 1000000000
609 1000000000
521 1000000000
142 1000000000
715 1000000000
907 1000000000
169 1000000000
539 1000000000
553 1000000000
353 1000000000
6 1000000000
660 1000000000
61 1000000000
949 1000000000
191 1000000000
871 1000000000
262 1000000000
121 1000000000
55 1000000000
178 1000000000
373 1000000000
341 1000000000
65 1000000000
199 1000000000
67 1000000000
283 1000000000
657 1000000000
717 1000000000
120 1000000000
319 1000000000
208 1000000000
113 1000000000
167 1000000000
274 1000000000
445 1000000000
968 1000000000
189 1000000000
929 1000000000
592 1000000000
620 1000000000
659 1000000000
412 1000000000
135 1000000000
10 1000000000
988 1000000000
31 1000000000
27 1000000000
133 1000000000
282 1000000000
935 1000000000
43 1000000000
60 1000000000
385 1000000000
557 1000000000
90 1000000000
564 1000000000
171 1000000000
952 1000000000
894 1000000000
483 1000000000
924 1000000000
177 1000000000
1000
23228532 23228341 232282560
16404714 16403909 164039910
7620930 7620564 76208370
54073598 54073367 540733980
85746179 85745722 857454760
47611716 47611259 476109590
98305573 98305107 983045880
61997617 61997023 619973660
79019014 79018202 790189820
20271794 20271509 202708930
69285832 69285517 692851220
39455760 39454847 394550500
12372714 12372586 123722240
69922707 69922411 699224090
13356385 13355588 133563290
18466579 18466243 184663240
64985509 64984704 584868438
5802823 5802527 58025250
1375307 1374907 13750310
28880618 28879744 288800250
20352046 20351884 203518670
6543375 6543249 65426650
80120920 80120673 801204300
40532254 40531660 364789611
76672421 76672316 766717110
40315354 40314441 403150470
60970642 60970288 609697410
75972029 75971798 759714360
61232502 61232084 612316100
69677558 69676746 696769540
75809314 75808564 758086790
4574430 4573796 45735150
96194168 96193953 961937520
25875038 25874404 258741370
52159799 52159638 521596150
54642359 54641565 546416490
45781210 45780979 457810260
13788442 13787953 137875650
27680945 27680698 276807660
7352989 7352076 73528680
94697703 94697418 946970000
62996046 62995668 629953360
7130636 7130442 64175049
75764519 75764328 757642640
94405926 94405460 944055100
90814890 90814016 908139350
21595646 21595452 215951460
83521578 83521224 751693986
77108997 77108869 771080960
88928927 88928680 889284840
6028682 6028425 60281820
19454933 19454257 175094181
31619146 31618689 316190900
4560592 4560361 45603160
81480914 81479998 814807350
50162089 50161295 501614430
80353297 80352610 723178818
1341359 1341112 13412260
89102546 89101630 891017890
9256573 9256084 92564830
73724577 73723943 737243100
1775402 1774605 15977835
69789453 69788659 697893200
64246663 64246535 578219184
26889214 26888340 268887240
93174525 93174429 931739480
10423157 10422407 104225810
42655920 42655605 426556440
13877240 13877079 138765220
12395712 12394932 123952960
85845868 85845192 858457780
80011545 80011314 800106680
18766424 18766058 187657140
96693026 96692229 870236820
92660567 92659664 926599910
96834670 96834274 968343630
92501122 92500744 925006320
7965058 7964278 79648580
79220529 79220367 792198940
59545118 59544833 595442410
99816492 99816126 998160760
6711639 6711303 60404535
24625392 24625198 246249020
52441209 52440831 524409020
40925474 40925008 409253020
28311962 28311368 283117830
24033089 24032874 216297036
1993012 1992594 19925690
67133760 67133391 671328050
41903773 41903179 377133543
37308567 37307819 373076900
49266888 49266212 492667160
67386564 67385611 673863090
80137749 80137621 801369420
54677450 54676984 546768150
61413955 61413489 614136790
54048743 54048343 540483270
25725709 25725251 257254330
17370399 17369594 173699830
41627982 41627791 416275890
30986144 30985332 278874441
88572431 88571683 885718570
8873718 8872913 88729610
66937234 66936834 669371410
32598189 32597789 325980960
68683014 68682918 686825980
14004198 14003386 126037107
33406980 33406106 334064800
78117716 78116889 781171120
2648521 2648359 26482540
97286912 97286786 972860110
31436179 31435548 314360070
57420263 57420167 516782151
66333478 66332651 663333850
47429050 47428176 474288660
82901769 82901473 829017130
23832509 23832113 238315240
12620083 12619978 113580333
63566001 63565002 572093226
10443434 10442560 104433130
28604472 28604346 257439465
15797779 15796985 157970220
57680653 57679841 519125202
61231481 61231319 612305800
50848051 50847715 508475510
64972803 64972023 649726820
52420872 52420705 524208400
36849348 36849243 368491480
92121825 92121368 921216410
61727214 61726797 617270350
47384688 47384592 473844120
24613131 24612326 246128330
96103617 96103023 864931770
33091477 33090524 330907590
71195632 71194827 711948750
26157948 26157482 261575050
46729524 46728577 467293400
2284764 2283967 22840460
79740085 79739770 797393620
68916903 68916712 689159360
24601288 24601162 246007120
15430779 15430532 154307230
26592976 26592782 265920090
62132237 62131820 559189350
89919683 89919283 899191830
39417523 39417308 394174670
7620414 7620309 76197790
16409825 16409610 164090680
37708424 37707676 377080310
90595865 90595698 905956140
75371603 75370927 753708800
28431861 28431230 284312570
74120478 74120352 741197550
57480140 57479224 517321044
63044190 63043854 630434720
99057242 99056957 990567990
90317194 90317033 903170100
68757034 68756819 687561570
26812347 26811858 268119310
61967245 61966448 619666710
4621399 4620982 46212150
67126191 67125456 604135044
89727836 89727675 897272590
35681640 35681223 356812240
90838083 90837889 908371280
56219118 56218324 562185140
97517642 97517288 975175080
93314487 93314151 933138520
20337793 20337159 203374950
28369108 28368691 283687150
35041723 35041047 350414160
19839544 19838545 198393600
55864507 55864250 558640070
5824887 5824107 58247530
29377568 29376771 293768110
75046582 75046246 675418095
12730335 12729878 127297610
24403667 24403452 244035460
85641852 85640939 770775885
10874993 10874399 108748720
30465449 30464714 304644820
90457570 90457112 904568600
50000043 49999677 449999244
59022687 59021875 590224200
69961075 69960697 699604710
52620714 52620618 526206240
77675512 77675351 776749080
30963957 30963054 278675397
58681149 58680691 586801820
29496667 29496178 294962740
29270632 29270263 292700560
96100323 96099957 961000680
33423633 33422680 334234610
21581791 21580844 215816980
23715824 23715719 237149320
21211768 21210865 212108770
20784284 20783457 207833690
10687637 10687352 106874650
22194688 22194494 221945040
58931166 58930219 589305310
45481843 45481747 454815360
40014899 40014737 400143220
95384874 95384000 953847810
88944762 88944384 889444550
57102191 57101906 571016150
98227212 98226794 884044143
46653913 46653547 466533370
37809317 37809002 378086710
3918547 3918300 39184540
87890232 87889556 878896580
32397416 32397311 323967130
33504295 33503547 335036600
2793775 2793144 27931290
30771067 30770971 307709770
85617156 85616778 856165520
73614032 73613401 736134390
29365801 29365401 293655340
24639200 24639104 221752017
86821952 86821125 868209850
75148847 75148067 751486630
61288577 61287750 612880000
81675398 81674618 735077817
76028101 76027907 760279680
30592681 30592450 305925470
18377864 18377703 165400101
52811166 52810851 528109660
83734595 83734177 837340950
65926651 65926457 659265170
9568758 9567953 95684910
11733251 11733084 117328080
68820439 68820154 688203050
28718325 28718163 287177480
53312178 53311381 533115320
25990524 25990396 233914041
1716732 1716636 17160290
76578834 76578007 765785270
37170969 37170189 371703230
30871681 30871005 308710880
38959931 38959646 389593380
2818996 2818191 28187960
84276291 84275615 842759840
58556973 58556688 585566970
5015457 5014583 50154010
15351073 15350945 153504990
59383196 59382197 593828030
55479305 55479048 554785820
18270613 18270398 182703150
47001282 47001067 470008890
88273670 88272983 882735770
8598091 8597343 77382405
17990988 17990176 179906810
40786756 40786589 407866630
95188235 95187920 951875170
56732183 56731936 567316090
96831507 96830702 968309310
71265625 71264626 712651250
30366162 30365215 303652700
98013280 98012483 980125700
51564717 51563937 515644660
47384302 47383386 473835840
60937411 60936458 609365190
83622611 83622211 836219760
81160055 81159261 811596390
47774419 47773625 477740030
1670077 1669272 16698100
35082591 35082173 350821980
97566915 97566457 975667820
53757 53595 527900
78883980 78883077 788837250
79851678 79851300 798507770
24636573 24636277 221728392
86094791 86094437 774852336
9876052 9875247 98754780
39489136 39488233 355401441
24375533 24375133 219379383
97157037 97156637 971560700
69526187 69525593 695252860
56698379 56697979 566973940
47067948 47067822 470679160
70846802 70845849 637620543
88123568 88122771 881229910
79886277 79885860 798853850
25810858 25810462 258101400
93471958 93471161 934715420
55684928 55684015 556846210
33817563 33817437 338174420
3153070 3152670 31528860
4545892 4545474 45457710
20440166 20439975 204392510
98533842 98533424 985330850
88510036 88509123 885099800
50791890 50791794 457125867
35431197 35430400 354306210
61700368 61700014 616994670
55229335 55229078 552286120
25095594 25095137 225860130
7941738 7940864 79408460
7055518 7054738 70552630
10125262 10124575 101249550
46638873 46638079 466380660
20187637 20187390 201873860
63895812 63895018 638950940
73063450 73063114 730631430
6330959 6330563 56977866
28167377 28167130 281669340
61341047 61340800 613406310
78492475 78492284 784920590
27376980 27376786 273764800
51452455 51452086 514518810
9904607 9904343 99036920
74294405 74293458 742935280
46830912 46830718 468302660
55846742 55845930 558466520
29526321 29526064 295261420
11543776 11542863 115431300
96921285 96920505 969207090
47338113 47337735 473378460
42825272 42824475 428243170
59269551 59269133 592692440
30179294 30178618 271613430
99035355 99034668 990347810
77056549 77055633 770563700
78413688 78413527 784131120
56690927 56690799 566904840
15691503 15691137 156911960
72021281 72020945 720203140
21057258 21056922 210566840
44000892 43999945 440000150
36453735 36452941 364528340
44049009 44048640 440483740
56216750 56215837 562164520
75644750 75644583 756441150
35185504 35184692 316669320
49084996 49084711 490848170
51386315 51386121 513855580
68551759 68551009 685511660
99606525 99606240 996064930
68085366 68084772 680845590
78990816 78990601 789899010
83922106 83921939 839218080
65495904 65495438 654950120
31577931 31577595 315774310
6853244 6852432 68522770
3902519 3902358 39017620
57827935 57827830 578278420
79583586 79582774 795830860
58362573 58362411 583619960
98709377 98709215 987084100
64290586 64290290 642901930
58005161 58004744 580044510
2516715 2515903 25165810
17350162 17350066 173500690
19622159 19621243 196212670
25572986 25572528 255724960
62996077 62995741 629954840
77274974 77274846 772740730
23024274 23023938 230241840
79086313 79085947 790860370
77018199 77017914 770175640
51641244 51641013 516408280
5541631 5541142 55408240
6488807 6488438 64886730
63320284 63319368 569882142
54975921 54975124 549756660
88160266 88159900 881600820
72200724 72199989 722006340
86425616 86425425 864254950
93275431 93274973 932752980
40837137 40836946 408364140
93280747 93280451 932798700
27172157 27171803 244548558
10978643 10977769 109780670
76840633 76839946 768399100
13792093 13791932 137913900
86249314 86249152 862486110
16235620 16235363 162347190
20748631 20748262 186737265
25205322 25205128 252047290
41290772 41290525 412901680
37173785 37173689 371736520
70370140 70369876 703694220
77159736 77159336 694436769
90902093 90901846 909018260
97266064 97265897 972656210
7345844 7345032 66111813
27972149 27971518 279714260
27190669 27190573 271900920
54800256 54799459 547996630
40470544 40470229 404699400
44391311 44390484 443904190
48666847 48665894 486659700
20746761 20745808 207460510
57881959 57881165 578817870
15283096 15282299 152822050
59103204 59102573 591027880
33969810 33969495 339696260
46088337 46087650 460876340
46842098 46841182 468416820
37961142 37960337 341649864
64818758 64818269 648180480
84361104 84360354 843606610
10083088 10082824 100828330
6534464 6533590 65340480
79369219 79369093 793684620
30973298 30973107 278759268
43556310 43555575 435557340
93671442 93671251 936713090
69527805 69527439 695272010
60789160 60788945 607890390
45096079 45095743 450952020
56413436 56413036 564132520
15152707 15152250 151518300
95348732 95347819 953477770
77215416 77215311 772144610
59362708 59362423 593622920
28520634 28520529 285200600
47284945 47284165 472848240
13289558 13289140 132889120
85798755 85798419 857985000
97680066 97679331 976797990
20112979 20112199 181016046
6725170 6724976 60526314
32873347 32872597 295859709
45959044 45958587 459587370
43056193 43055366 430553860
8238222 8237348 82376480
56113922 56112975 561136550
73201103 73200645 658809711
83559595 83559490 835586800
36525591 36524904 328730103
70287405 70286811 702872330
83983681 83983223 839832650
89825711 89825254 898256210
11064892 11064698 110643160
65443963 65443010 654433700
87529308 87528573 875287310
6327194 6327032 63262930
91028276 91028019 910273090
52643269 52642873 526430850
99713319 99712539 897419655
24217326 24216972 242166160
14558861 14558483 145586890
83860039 83859291 838597630
54149688 54148938 541496320
6337568 6337463 63373890
53661567 53661150 536613880
15431800 15430995 154308150
17086515 17086389 170858120
72162879 72162685 721626030
89830784 89830469 898298690
96921999 96921542 969210840
11853601 11853434 118530250
2696388 2696034 26962040
36239385 36239218 362386670
6851397 6851235 68509070
54094613 54093982 540937120
6662226 6661491 66615800
62337087 62336598 623365970
10438691 10438524 104385700
54201557 54200760 542013850
25961537 25961137 259612700
65297340 65296424 652967660
63521858 63521522 635212230
24058771 24058036 240582710
9935572 9935236 89419932
2384122 2383328 23834870
42430249 42430153 424293340
41267998 41267311 412670430
72984564 72983648 729838070
86572924 86572330 865728030
18283440 18283279 182829970
59165645 59165227 591647530
15357820 15357563 153569430
57671746 57670793 576708690
76604075 76603884 766031840
6252409 6251733 62523160
70267615 70267358 702667140
58269725 58268778 582694700
91365196 91365100 913650620
9383211 9382577 93831180
22613518 22613422 203520807
20298570 20298081 182685987
1351538 1351202 13507810
88418637 88418390 884185040
56050855 56050664 560498880
38219454 38219328 382191560
82959614 82958864 829591140
14276023 14275566 142752160
33951794 33951118 339508090
23069913 23069010 207628074
15426827 15426338 154265760
60999913 60999455 609997130
72078932 72078532 720787480
30231139 30230650 302308840
60105919 60105672 601057860
55863134 55862668 558621790
11309632 11308884 113096000
85967999 85967251 859670320
35808871 35808471 358081140
36755424 36755046 330798033
48985734 48984922 440870463
87513812 87513618 875132360
55607751 55607157 556073580
62547722 62547326 625474460
3122248 3121654 31215300
94560601 94560496 945603030
63847428 63847062 638473720
16514164 16513570 165138880
22107719 22107302 221069120
44895835 44895418 448953350
29403655 29402907 294029450
17303808 17303551 173036870
35132867 35131954 351327740
95363362 95363234 953625550
33975040 33974744 339741490
77730382 77730221 777295750
17497616 17497352 174975230
35715303 35714491 357150270
84348939 84348778 843486840
42875601 42874804 428748980
79636740 79635992 796361050
70868897 70868070 708687250
93913769 93912989 939131650
525041 524125 5249510
42424652 42424395 424236970
58929491 58929395 589293070
67424251 67424089 674235480
47921335 47920508 479212010
12073670 12073503 120734190
51316793 51316631 513165420
18185603 18185225 181846480
80962783 80961971 809626110
57912006 57911721 579115630
70784342 70783594 707834510
3304596 3303965 33036290
75109432 75109015 751085410
56846180 56845445 568454570
647588 647427 6470140
77185036 77184618 771848570
26473599 26473199 264734270
18904853 18904589 189039760
33901409 33901113 339013160
64622046 64621650 646214000
44598170 44597923 445977770
71797849 71797687 717975820
10016279 10015925 100162470
40282184 40281387 402815490
74362433 74361802 743617100
28724076 28723129 287238970
89695684 89695420 896955050
60010336 60009958 600096180
72630093 72629417 726297860
8527420 8527003 85268160
65427739 65427424 654274840
42325760 42325424 423248690
46054686 46053859 460537190
28070853 28070048 280706020
12701522 12701307 114312915
94394689 94394095 943942960
48278527 48278231 482784060
62617364 62617107 563555511
7033677 7033188 70335870
91459592 91458958 914593410
18119482 18118655 181193030
67150192 67149276 671500990
87283935 87283469 872836370
7253832 7253665 72536480
75373272 75372596 753726370
71025395 71025131 710245030
15400690 15399863 138605067
13340752 13340286 133403360
77789798 77788895 777896770
58656263 58655264 586559560
48864099 48863803 488638230
57279075 57278884 572783180
8322179 8321988 83221470
64636809 64636320 646360520
91238435 91237685 912383020
4650853 4650499 46501430
90522248 90521451 905220760
13360270 13360055 133596940
84269101 84268939 842682000
30484309 30484094 304835020
25060607 25060416 250598970
91387530 91386843 913865750
25751760 25750966 257513670
40610023 40609107 406090380
58494211 58494050 584936180
49399286 49399092 493985760
10042601 10042496 100423340
30557951 30557139 275021343
99738834 99738519 997386620
38294173 38293909 382939180
2754360 2753610 27539670
62044737 62044611 620442940
77862785 77862528 778625180
16999212 16998965 169987690
56652186 56651995 566519190
45522527 45521747 409701888
18816213 18815478 188160130
23617537 23617409 236168340
54006341 54005547 540062510
7878507 7878250 78775220
35310125 35309829 353097320
89540083 89539768 895396900
12767366 12767081 127670900
98276165 98275971 982754080
68945279 68944603 689446860
29213542 29213285 292126410
71790258 71790027 717901680
18267922 18267675 182677880
86034503 86034256 860336260
59975304 59975137 599747300
80542025 80541394 805411100
85736374 85735908 857354820
6915350 6914861 69152570
63630441 63629442 572673753
69470417 69469786 694695250
50130144 50129913 501294410
57779379 57778574 577786220
24218049 24217583 242178650
77597588 77597303 775974670
71323209 71322459 713230880
22344515 22344179 223438690
13931910 13930963 125386974
73066236 73065642 730657930
36865573 36865107 368649690
2165152 2164867 21647590
64975570 64975465 649753030
93176104 93175324 931753470
64260801 64259885 642600910
50686379 50685380 506857330
74017662 74016663 740169440
78724839 78724470 787239470
95393016 95392769 953921150
28918684 28918330 289181840
56129317 56129221 561287410
90124966 90124092 811124280
16556213 16555266 165552980
20098277 20097811 200982450
45840218 45840090 458401620
94002522 94002168 940019180
85435457 85435142 768917970
44254238 44253974 442537950
41106627 41106342 411060230
88932762 88932305 889318710
48953762 48953657 489535830
41655860 41655699 416557260
19282870 19282504 192826700
61674427 61674058 616739370
31476571 31476256 314764500
15043194 15042382 150426170
80470989 80470523 804706820
66042727 66041947 660420920
4951964 4951859 49517850
75992401 75991448 759923080
25582615 25581699 255820390
34252155 34251524 342515510
4923828 4923634 49236490
39321415 39320621 393212820
33236437 33236190 332361610
38587401 38586498 385870940
96937125 96936964 969370350
19775961 19775544 197757820
1404780 1404384 14038890
33482552 33481649 334819480
5544508 5544112 55440080
83179135 83178669 831784120
27652632 27651827 276521320
30518922 30518172 305187890
31723664 31723473 317233880
14203244 14202755 142028010
16600254 16600087 149401143
17209127 17208727 172089480
34786241 34785875 347854340
57131554 57131185 571311610
9853454 9852538 98533330
61289271 61289104 612886780
79089611 79088695 790890340
31469837 31469437 314694210
50412291 50411378 504113900
34385391 34384579 343848150
92343173 92342376 923430010
31812186 31811233 318116100
82209446 82209350 822091700
90539545 90538671 905388220
59395602 59394968 534559635
1294014 1293699 12938350
32779470 32779104 327788940
12099130 12098873 120982530
16809586 16809129 168092880
16630241 16629845 166295950
47042045 47041749 470417380
79882577 79882281 798816620
75751427 75751163 757512930
61750827 61750580 617502510
97450862 97450526 974506620
63634991 63634534 636346840
89197695 89197480 891967400
32331936 32331139 323309690
168951 168615 1686530
26601451 26600820 266013170
58524690 58524443 585237050
72280599 72280335 722799640
87977638 87976725 879766710
1461373 1460420 14611890
18910507 18909604 189099300
39689021 39688390 396881440
32019045 32018781 320184410
96632508 96632251 966322320
58658861 58658733 586584450
83468636 83468351 834684570
26913493 26912494 269134000
52392101 52391940 523916110
72056861 72056113 648511533
91036127 91035211 910354240
48682672 48681922 486816870
8283074 8282585 82824980
16745928 16745297 167452050
97362213 97361756 876259701
69199838 69199581 691997450
85616733 85615939 856165990
65120763 65120409 586086651
4776056 4775825 47759230
91507732 91507604 915071560
55372820 55372692 553721740
46607705 46606893 466075330
94828983 94828789 948284070
47485766 47484813 427371219
98450962 98450608 886058442
97979611 97979315 979787100
77748543 77748312 777477360
62353168 62352921 623522910
56033564 56033397 504300933
34330441 34329488 343303850
31253911 31253317 312536350
15306730 15306330 153061530
76842704 76842543 768418130
23174198 23173401 231740770
80778168 80777702 807780750
83986312 83985912 839861330
25042651 25041839 250417600
48579288 48578799 485783330
18904182 18903886 189036050
40846072 40845396 408454950
31253614 31253278 281281671
60465133 60465007 604643260
95343426 95342427 953430100
10389255 10388998 103889880
92394174 92394069 923937310
58665892 58665730 586650010
24296990 24296501 242963860
44869426 44868646 448688500
23008672 23008357 230080790
87211483 87210852 784902672
11345189 11344789 113446890
31265028 31264394 312643050
50439715 50439337 504391380
78007914 78007683 780075210
48794290 48793954 487940230
37117174 37116820 334053891
80963412 80962677 728669943
32117718 32116924 321175850
69480154 69479696 694792390
78498751 78498285 784981750
24113654 24113558 241127620
27658865 27658739 276579100
88804799 88804399 888044920
85211114 85210657 852106140
89389720 89389263 893894440
7754789 7753886 77538740
28800411 28799993 287996930
34882576 34881577 348818730
65723682 65722683 657231820
67958509 67957596 679579350
65332078 65331330 653319440
80975378 80974691 809750710
92672905 92672509 834055731
73630188 73629819 736295530
46115643 46114849 461149200
58066819 58066039 580662150
66470888 66470153 664706880
26661379 26661013 266611950
6064528 6064337 60643490
83759509 83759342 837592580
4124314 4123398 37117971
77893055 77892597 778923320
94266326 94265423 942653710
81175064 81174728 811744290
22112133 22111675 221120770
47317908 47317612 473177080
2027226 2026995 20267830
20152154 20152028 201511690
73282889 73282255 732825820
43256784 43255871 432560810
85980651 85980255 859797740
56917632 56916679 569167550
55816265 55816098 558161320
22714904 22714799 227140120
64869539 64868626 648691230
22190510 22190052 221899360
10941973 10941238 109413970
75750481 75750103 757501830
46906175 46905717 469059240
90343896 90343116 903435890
21608003 21607129 216072930
56150594 56150432 561500170
32203119 32202750 322028210
53682354 53681937 536822980
81945488 81944694 737508537
76152543 76151669 761516520
56937060 56936803 569361450
89209914 89209280 892093380
38746499 38745546 348717348
23248774 23248140 232481280
51086826 51085913 510858410
54089677 54088730 540891870
72839668 72839383 728391680
53169508 53168760 531687510
28110339 28110043 281094470
18882342 18881594 188818520
10603390 10602596 106032560
39849027 39848763 398489060
58579407 58579279 585788140
16561392 16560598 165612130
42795494 42795237 427953730
95823861 95823404 862414533
45828997 45828835 412460559
5948303 5947907 59476680
65823549 65823423 658229140
16569106 16568279 165681210
74046364 74045770 740461800
49464402 49464048 494639020
28168154 28167697 281681220
64375196 64374402 643745920
4637535 4637117 46372280
13215850 13214937 132152460
24423697 24422949 219812418
88117388 88117262 881173320
91336293 91336131 913360170
77196016 77195752 771957490
85005837 85005089 850052440
67682523 67681524 609141924
56213560 56213142 562134390
99972776 99972512 999722860
22551915 22551449 202966470
94710649 94710253 947097580
37051622 37051165 370515900
27092085 27091828 270915090
95570919 95570604 955702840
78624587 78624461 786242890
55507918 55507460 499570407
70801364 70801238 708005570
10945249 10944783 109443580
23317722 23316987 233176660
33648597 33648340 336485650
53349176 53348382 533484730
24430407 24429627 244294220
41384068 41383579 413839750
10183542 10183437 101828190
5178330 5177417 51779140
27895901 27895616 278955080
93844702 93844244 938444260
60037191 60036515 600370120
88517280 88516364 885172480
37007552 37006636 333067554
94077860 94077699 940772250
66471692 66470739 598244463
51352296 51351930 513522030
29862007 29861550 298615170
87509811 87509076 875090930
1780987 1780730 17801100
45127482 45127354 406146663
328067 327120 3277690
21641956 21641539 216410790
47541214 47540748 475406380
49304237 49303324 493039390
76487710 76487543 764872940
31593175 31593070 315925290
73039577 73038797 730386100
23180378 23180163 231799620
38693986 38693299 386938020
79693961 79693367 796935680
42764234 42763816 384877431
49258912 49258454 492583190
49116595 49116178 491158850
41591956 41591003 415912460
31627774 31627316 316276410
4236058 4235680 42355680
47639683 47639587 428756472
74883431 74882604 748827960
26166040 26165290 261658560
70945610 70944611 709454760
25500675 25500218 255001010
90726997 90726170 907263510
9502035 9501088 95018560
66743340 66742605 600688917
19895588 19894641 198946730
32229112 32228196 322290190
82562933 82562771 825628000
79720725 79720461 797206930
24142815 24142584 217284660
86410757 86410421 864105850
94420534 94420076 944203550
92401852 92400899 924009600
82757124 82756635 827563170
23772217 23771881 237719500
66916052 66915418 669153290
79848247 79848016 798482150
54969803 54969055 549695050
19871154 19870251 178839243
5590192 5589457 50310585
25688436 25688121 256877330
51163242 51162608 511630700
49233784 49233004 492335290
78938626 78938530 789379800
37573851 37573455 375730440
71439604 71438730 714386890
93111061 93110158 931104570
28939862 28938909 289396110
49562820 49562070 495621850
48858845 48858614 488579530
72059238 72058860 720583470
60988586 60988220 548896131
69451639 69450842 694515060
91801865 91801529 918009730
55222606 55221919 552223390
73361702 73360954 733611090
57566417 57565543 575654620
7606834 7606480 76066500
50786243 50785493 457075512
63305102 63304941 633049020
10300340 10299535 103000730
83462237 83461859 834612520
40198876 40198714 401984600
45268907 45268740 452687740
63188722 63188475 631880760
74030886 74030252 740305790
50712195 50711292 507118020
14508118 14507833 145075250
8009915 8009789 80090230
34129285 34128332 341288920
99524562 99524457 995242640
51395844 51395017 513952700
11590143 11589952 115896430
67800648 67800230 678001480
76915692 76914898 769151920
75935620 75935026 759348970
1103027 1102931 11024230
16759104 16758615 167582030
29643014 29642140 296427160
87054994 87054868 870544170
79018630 79018415 790177290
72504802 72504466 725039250
9602868 9602502 96025700
44829156 44828820 448287630
44383349 44383134 443826390
34230835 34230023 342306560
59898066 59897254 598977990
16614359 16613725 149528817
11430520 11430305 114298850
75528539 75528161 755277320
52802877 52802142 475225218
8546865 8546038 85467320
66041337 66041209 660408940
88641449 88640855 797772627
82565664 82565033 825654850
80440472 80440094 804397620
31364057 31363104 313634810
58570213 58569813 585695670
2390687 2390291 23905660
60716036 60715636 607151350
39008195 39007964 390073180
38983070 38982154 389825800
24361752 24361335 243616960
10910159 10909895 109098830
23967896 23967262 239672610
78527794 78527579 785268790
10604508 10604130 95439717
34403086 34402790 344023680
56197291 56197100 561965880
58921631 58921231 589215100
6544561 6544143 65436840
15658825 15658729 140928642
63606753 63606506 636058760
89458614 89457701 894585820
90743230 90743125 907425200
20101314 20100534 201006040
23998527 23998312 239984710
31917352 31917247 319167780
68974287 68973921 689737100
99633070 99632117 996330140
36183616 36183198 361828980
98893278 98892375 988923110
94213669 94213541 942134180
78956866 78956705 789564730
58237872 58237060 582376170
89930701 89930596 899298090
49877585 49876758 498774060
14367642 14366726 143673750
500
125 6
182 5
209 7
985 10
888 7
540 4
244 6
500 10
668 4
862 6
913 1
632 9
563 7
619 3
383 8
743 3
567 5
97 6
365 5
70 2
687 1
892 10
238 9
319 5
91 3
791 2
212 9
517 7
400 1
203 5
976 4
532 9
941 3
19 8
510 7
766 6
12 6
584 4
444 3
931 3
79 7
778 2
158 5
878 3
463 3
488 9
128 1
968 9
947 1
710 10
854 4
133 10
596 6
155 4
999 1
247 1
4 4
967 10
499 5
34 1
509 6
525 2
609 9
379 7
898 6
74 7
162 1
555 6
448 8
979 4
78 8
670 6
234 2
28 2
866 8
949 7
903 1
119 7
285 1
709 4
360 2
452 3
827 1
662 3
301 6
656 5
625 7
633 5
848 9
41 5
280 6
719 5
910 7
750 1
194 1
1 6
207 5
885 2
458 1
672 8
814 9
916 1
549 9
599 9
134 10
820 6
415 7
200 10
303 5
886 8
24 9
21 4
354 1
564 7
384 9
926 9
453 3
889 2
430 7
3 6
957 8
466 1
291 4
117 6
338 2
157 2
429 3
96 1
254 2
81 1
126 1
535 8
136 8
594 1
252 5
148 7
874 1
920 7
902 9
522 3
482 6
593 10
855 6
231 1
806 7
921 3
975 7
296 1
122 2
879 9
507 9
835 7
367 3
686 8
506 9
263 5
432 9
518 8
759 9
589 7
955 10
192 7
491 9
211 3
195 5
398 2
433 5
983 7
773 7
580 9
651 7
915 10
198 5
130 5
364 9
485 5
699 9
785 7
163 5
197 4
680 9
249 3
696 6
352 3
422 8
489 1
129 7
440 8
994 4
726 2
63 4
184 10
982 9
527 5
404 6
777 8
267 10
374 9
289 2
168 6
735 1
206 2
243 8
956 3
676 1
215 1
723 10
218 2
634 1
468 4
86 1
490 10
405 4
605 2
786 4
106 8
259 6
770 2
993 2
909 8
568 7
67 3
595 7
314 6
805 1
576 10
388 6
529 9
628 7
105 1
681 8
202 4
704 7
147 9
347 8
536 9
521 7
417 1
966 6
922 7
803 8
33 5
780 1
800 9
224 3
893 5
315 1
841 4
551 8
337 5
574 10
811 6
328 3
703 10
45 7
952 5
812 1
251 10
172 10
495 8
302 9
445 5
115 8
746 9
366 1
156 9
937 6
836 9
684 4
613 6
832 8
900 4
15 5
93 10
936 3
556 8
657 9
649 8
845 3
846 8
286 9
685 9
553 4
87 9
607 3
71 1
705 8
387 2
953 1
558 4
965 7
807 10
227 9
127 9
123 4
742 5
311 2
141 8
118 6
667 5
299 7
457 1
487 6
603 8
264 1
307 10
389 5
220 9
51 1
121 10
765 6
84 6
859 9
38 6
682 9
31 4
355 8
393 10
171 5
948 4
176 8
537 9
88 8
969 6
348 8
317 6
620 2
504 5
253 4
809 2
332 5
615 4
450 8
627 9
361 9
697 6
799 5
343 9
992 7
213 2
132 7
795 9
577 10
631 1
988 2
645 3
418 1
519 2
425 8
653 7
359 5
729 5
880 6
124 3
161 1
587 8
783 7
46 9
652 4
431 9
974 6
390 7
283 6
461 7
90 10
562 4
416 10
449 7
2 7
838 3
255 10
585 6
149 9
498 3
528 5
56 10
844 9
306 7
635 10
745 8
894 7
179 10
861 3
788 9
421 3
470 2
734 6
747 5
191 1
935 6
279 3
718 10
544 8
716 7
973 6
250 3
48 4
152 9
732 5
877 10
901 10
683 2
53 8
363 4
169 2
896 4
32 10
600 2
494 6
851 5
329 9
972 4
140 6
297 9
257 1
246 2
180 2
821 9
287 9
523 2
336 1
870 7
611 3
534 9
758 5
655 4
10 5
797 1
530 9
919 2
560 9
233 9
787 3
479 2
331 7
419 4
66 2
369 1
85 9
763 7
990 8
801 4
486 8
178 4
646 10
278 8
833 5
542 6
481 5
375 7
443 10
864 9
236 7
112 4
396 1
829 8
480 3
794 1
708 7
604 10
75 9
95 9
334 5
167 1
679 4
370 2
496 2
341 8
508 8
502 5
891 10
358 3
642 5
757 10
298 10
409 3
856 5
120 4
748 1
730 7
825 5
322 3
438 3
276 10
752 2
478 8
927 6
60 2
871 6
897 4
426 3
720 4
262 7
27 3
962 9
420 9
623 9
819 9
378 1
624 2
