1
541 1
1000
61916418 14 745754912
320192876 89 977898464
544249036 59 767882350
503828462 16 583352378
554024614 57 793181144
473302713 21 387602273
139127250 62 723315773
301953453 26 437285818
746972375 90 830809709
662495404 13 406073850
907316540 19 966119378
260206513 38 703908994
797466492 63 196196469
805103995 29 530418503
82251167 19 666794662
170742830 77 197253997
716546130 22 506541139
602131617 5 847901229
424825885 0 972157454
194764985 45 559516693
615163057 4 412028654
650472955 17 705534138
578164184 76 964585783
721588394 9 145791357
139950963 81 517119977
101079833 41 118852444
194683059 27 291542040
812334300 18 443184465
480566277 4 755377816
437658507 57 485348990
171473637 20 195464364
698761935 19 269720424
383676742 52 382560562
956889932 58 236258451
978709280 88 516847671
144649803 11 460621640
943613754 93 429675156
602094652 14 167212126
633500868 87 676960241
243171139 41 687394453
420408604 21 561440393
172905108 19 783310775
311618878 80 275032473
652956675 56 969342160
559581516 19 345044766
346090507 96 634140095
786739253 78 555433933
607354187 97 893327351
673819130 70 489216154
786235466 57 811760773
846874338 64 378620972
285532648 27 501498821
564824932 78 591516601
34139785 64 775960510
106173829 68 770266486
111078703 86 198658164
162290419 87 399205821
158251233 78 358075412
1975179 18 262409477
863568071 32 839466516
542047396 34 507625272
546241826 69 755370186
837006081 68 584358865
362910849 69 485820098
91832052 52 826981243
749797548 21 949867578
164860639 52 195811843
365572483 39 423543268
461649850 99 793510502
722293058 42 636347383
266854662 81 869825303
378732119 30 686520915
683619263 37 156496289
105218063 72 225370107
598632995 45 567613333
712053887 4 667949593
424490138 96 254026125
516547367 22 161856375
157613753 53 951020925
768793656 59 981171433
590036901 36 588223273
909121782 56 805636086
95275905 41 695928548
892879880 16 704077657
85055559 85 384917039
739204982 69 387083572
125180767 85 189441139
422086008 100 596202386
729117471 71 358541654
897593545 97 754140562
822100494 92 423895255
568578644 91 851234255
602015796 76 318824666
732816209 2 174179926
880111011 58 487422704
853027269 81 238475068
173812989 31 307195542
678374095 53 675309109
379037533 100 320601910
967359406 2 138141960
5021697 9 447043930
119465117 75 154795054
142054054 38 742731214
211474875 48 923256164
429203134 73 245957870
900124815 78 458150166
210701922 88 293704416
476664327 47 701124423
389957124 30 278274974
379363604 51 520769402
358322277 31 772982276
410789406 32 350556319
339810501 2 218706136
51823446 36 436951369
186551875 33 797599727
541703124 98 981947289
372241564 35 160667603
894272163 52 884906353
906099662 62 623358780
299541980 73 253773487
390893156 79 366014802
456456336 64 432288162
413393964 22 191306887
227193021 70 811856544
971366571 94 792924694
445406005 63 772516819
606085271 52 290775671
551142150 9 371018054
101883407 95 952261381
389608377 47 548761369
587173772 48 428154921
232780310 55 149429085
954445027 76 432573909
38437266 49 120913738
291497860 59 941565927
426290813 56 307534447
465887898 15 445425161
982477134 43 572863776
943579238 19 939401253
767557282 87 363077143
415194219 81 938681903
230309564 62 462229482
304235185 85 445661055
832553067 19 127225358
81365148 72 302432142
596763688 57 461606642
82454255 20 707942181
249530452 22 554693615
722287284 20 858522903
811236818 89 963209769
586919291 39 485472609
363923119 47 839847570
855823528 85 599664841
604788645 85 534463462
931807844 30 483098809
879537433 7 507183127
830736057 10 544626888
207818394 78 120153457
57200911 86 639433547
961973910 52 903075856
929445561 28 196472678
138330552 60 761877316
322441495 27 205988483
238451643 4 761995855
10283325 54 249720287
730430659 80 298713893
611669763 82 556238672
31771717 55 155633752
704156129 4 602800857
648499101 46 932562686
683184654 43 364060347
797689445 84 810568430
5892637 86 915840450
19723193 43 752985639
459939825 2 749794171
751422930 75 155023403
963536451 56 637291168
254949438 1 905361747
640110250 39 604592982
504492180 19 338488098
143402516 61 870781282
307791165 35 646530273
306286114 34 721662885
108431962 31 632344096
315491922 54 452205533
10699499 92 143333914
89168298 98 145017823
781434284 1 586441274
225424899 32 626108694
180874863 57 393983962
380316964 7 142180183
6548728 58 598611512
566710707 32 627576709
941741649 38 787713248
864683212 65 232633911
83486733 12 177068772
175870741 100 696570956
11002108 16 463413160
176389833 16 792291979
292973847 78 538294531
838879621 57 716225140
953066334 16 161034341
228466203 88 422522981
14771552 5 861710334
49178763 41 778862050
69636724 28 481415138
241184663 6 259669951
353284443 68 910668877
532968831 19 844315514
16964237 52 139380370
584989514 85 452061625
488499684 53 538417467
97463638 94 203613049
311518853 21 413422117
105761615 99 750255627
4813908 19 748197148
24211280 52 696198808
387260818 16 830383119
767295840 73 886099199
769550407 94 696177382
299258426 60 304449736
573390814 100 679684134
587172649 58 665487145
607465300 38 971892737
269750934 19 373670843
300409539 5 827589109
525030759 92 484790611
129187604 62 592453795
684471236 96 254772699
363206701 28 593906671
484693540 81 486960633
909615124 91 505034109
226085916 96 579855654
591221591 90 258504621
921445199 52 602501788
947611362 15 315039417
77635100 63 940034044
34929317 99 751622163
828051419 55 460688002
917600678 86 572744132
200198882 74 419442899
712680020 66 535186906
776295874 14 992422046
174917056 21 549600325
395254876 26 754523496
479868669 58 314898899
840417626 84 600549218
608178322 34 795012530
345785024 21 112514267
799738270 38 261864266
657324306 42 111464745
839081567 12 894496909
901698073 80 489397134
660496821 68 867550703
527606933 31 818152603
75027060 25 875988781
271241057 93 956060333
699734999 15 159468147
455276563 3 423373129
279712509 31 957333579
736211730 41 618504189
430624207 38 904364864
137341805 39 115536586
602342960 90 349120318
295869585 55 640043752
892150293 91 714782020
536439577 61 758927204
235700460 40 782505146
429508012 43 246473306
592129453 84 963328956
644958120 10 534984060
649466666 16 479054096
779756863 85 170657202
504312999 47 707314952
530274002 54 138208876
334573628 71 204439407
557213680 51 612875890
342221289 33 121394530
998664391 14 550467643
968957344 57 396852172
975314035 83 569762031
233647979 9 981184250
903900767 51 179322441
970014383 55 868738699
838011645 81 642537053
422155803 15 177655496
131119793 73 453398200
535273203 95 889829338
483687323 89 795890591
144275971 28 553519558
874084571 8 436553448
872539325 68 164598452
281770736 56 596213197
812457171 76 857332764
864834834 24 468649534
559885655 55 905521242
876489990 20 206007454
947418935 15 296524810
217945201 3 122920141
200883864 26 314068389
35731006 66 891513210
876184237 34 780745885
394078830 39 875872300
899666762 45 597143111
525765570 73 872911511
364075304 85 113242927
692097581 46 242740016
803295706 58 283021341
63954645 23 278554168
738430433 0 969882787
44064614 56 171223691
294365139 3 564194507
551441162 37 209179689
818658115 23 508428372
812393560 38 880073714
134281408 61 365193701
389754835 26 455439511
601180934 24 487956742
671144118 30 536557381
711154281 82 306614561
191831876 17 905253176
288266327 56 701117733
684380279 10 109826017
596663718 23 377949371
984654905 20 766920355
751552520 58 472423034
697094406 64 172013995
791761915 16 793932700
192627659 92 424453999
4137098 41 267085728
642593981 66 799448997
371284411 33 757982287
425892942 75 935429024
193516132 60 940679228
910723223 71 965039967
442791901 10 556223420
530865514 11 645726813
832598872 12 308395471
259341735 75 340245786
678626349 20 849789214
882532227 75 207639572
612807647 53 845233143
707954025 29 440900039
233308588 56 296454885
880360483 37 383290711
673247161 9 527533856
339316163 90 809657411
264478768 80 779077971
647809309 95 146593125
133916638 69 301473714
592853116 85 637595426
800360851 12 188456471
341438165 72 616814512
783836647 26 834701568
40298200 86 303943983
261643742 96 937273620
491885127 79 646282566
386646967 80 512798507
463894560 93 523545778
11052177 8 195833514
616743135 81 894695949
881594700 96 451548284
285722699 71 285406455
10544631 3 509472488
627311342 51 270538279
605816586 68 784413005
746095774 94 336492420
47541678 18 634524450
747861605 43 471924115
957578778 8 532503988
307249608 62 513923403
338824269 87 109994219
615431155 67 906754990
732843007 70 621929150
835264181 48 479795693
138436822 57 818089052
196492198 42 578472550
649900958 70 325899428
218136991 51 168947597
712653649 86 814814244
646388286 66 144627579
832479569 45 562064774
892542355 57 838266266
986717444 73 290644287
117055210 67 321880814
346378068 36 603450629
504117979 14 651434542
88783229 30 288812973
377065883 100 104128557
576151237 77 449243134
605116272 58 266694674
363636748 64 971881979
15942741 71 547497629
731159518 13 241652361
914389098 38 402631501
262413179 16 439769160
256360925 79 631767707
775358658 87 341291248
932161265 78 580159564
857488841 91 184886558
309365476 64 710798021
185306085 56 985560819
348716441 82 557717064
985097649 87 560801500
898324724 97 796564497
984324285 96 130655458
888311491 1 899013933
465078912 39 637041622
844106102 63 231972574
405544761 64 463126211
634986081 41 481863987
470320320 71 414235099
526900064 63 549031446
132071275 65 303592360
109344945 98 201082205
366294535 80 162498192
148058647 27 452362965
23213971 71 726823533
929139586 59 435452046
587552892 90 989511093
527753135 76 972759271
46752377 4 825715044
846274496 9 534658263
211941822 96 622205073
397780757 57 636894131
879852862 45 373899990
299969283 3 961003199
447374087 73 704529189
602106261 20 770344377
327434083 97 812375317
3158483 61 283698679
459303136 77 607348916
829610783 24 754487522
509556342 40 473631555
79925559 67 333344259
700840879 12 995563484
444214497 51 515518024
831352660 52 463154517
986025427 5 273608542
895027714 88 124160982
937065459 75 993591697
609240036 76 278258780
379548658 38 166065459
500831643 53 829403407
594080531 32 170466740
785877524 31 588211462
624952643 51 221045969
261674471 65 172558670
403608642 31 394005043
425923193 42 475098278
177915068 91 930177015
653314691 63 874822859
889099324 39 600544819
500688565 56 593649892
818148636 8 886455090
442020444 35 944515030
2176698 85 199325465
499243714 68 184462603
716577185 72 308521826
295792055 34 140826989
845669942 11 280240772
931312621 41 132481571
456889503 20 244536565
729004215 43 456659374
95203602 54 765814928
225145968 13 450829649
79036380 1 391576107
415279796 17 975520406
768018643 97 174679784
36508884 83 467118327
893842310 27 323067205
179439754 99 170149879
440115297 41 732737837
210770835 72 227518093
555556846 6 378657708
215433239 30 760436079
689040956 86 802386694
249057944 19 185844075
690322819 23 716051990
89974136 21 437518987
721216846 72 756041021
800922509 98 273137839
993877832 68 415480297
373483515 43 204733623
237592819 97 724928966
944788674 32 484332288
23095736 88 295814811
114059811 64 657555399
231226858 51 731315959
641054233 39 797099943
688338566 11 135871447
371307694 2 792985704
177170889 67 531819786
181401110 92 978593017
47852428 100 285910308
139738791 43 693777320
687235829 86 140780308
426493895 84 544878701
180873870 40 204130777
547836453 70 654548049
773883959 52 227331306
675966705 66 293833542
795728607 47 252163179
113004571 27 982117899
557214662 78 514159763
71899251 17 320047425
893739981 88 554071849
414696155 26 457654761
406695838 30 308360266
551963262 15 159008187
495696964 47 612553624
345917223 11 767466407
532671144 51 262219355
44906748 99 228214084
498013802 41 831858481
747259923 58 286981162
947545130 58 326674399
267015554 4 356725433
435805383 51 546481608
657478022 31 442535659
350007472 35 507487591
960160776 98 784044393
995364767 66 758602435
428955912 61 841127326
440794432 12 279251779
73042748 85 587017707
802282706 5 121963422
553929659 92 159804778
151617477 54 729920010
432180648 38 674104375
344472269 15 351701205
986033175 45 869830099
188357902 3 856207495
181849755 58 820374820
882332869 10 307237553
960330075 60 925845139
588501197 6 855471496
320984855 22 517093591
830729234 55 259980872
512052175 46 548982838
547218612 20 497206112
114042597 21 300536798
653326522 17 470412996
598808005 11 247548664
119020426 36 384189406
573630002 75 867781365
486197069 60 264992866
798825756 76 805513475
470442586 88 635166665
199485580 97 895490785
562267036 41 350004842
12520183 72 587296765
188897544 68 528237541
856681720 71 751823703
407841683 90 729924812
779710791 63 457227575
808331147 18 869694485
522057218 55 989778223
746996254 67 673921754
287191401 40 892002493
334317385 18 642928323
814704702 79 935596129
372542542 98 105856583
405998249 100 712387529
171891416 27 494386032
846032789 49 959718701
145248742 63 915548039
359493030 22 966868285
135642791 47 445123822
973731218 91 559398847
638135728 82 457451456
856071012 67 405313278
180135750 54 725885180
579495910 88 679524640
294302004 8 784319240
613503839 69 535066566
372617897 49 139361087
982080400 93 783638912
549386099 43 285077928
135109600 49 135963841
333185440 51 811634897
222847125 73 113095907
605925472 63 233516627
545816177 22 867909955
231840956 88 576962363
550236501 83 896104245
179327088 31 523944578
61991902 87 862930322
369264324 58 438332247
368338618 42 796798973
261187614 32 726201984
870077856 8 597952451
637219538 16 569320143
531101090 67 660554718
383365970 24 323722908
956930884 22 121978849
196150702 33 753778825
829419746 100 634823324
584229074 36 771477399
817576758 84 960515896
189461678 77 718470180
115069589 44 360328840
769504894 82 321661316
235565542 26 166219953
681733492 94 656921792
973104698 61 250042595
856107687 42 373956511
352374694 57 939159738
184588739 31 699228880
505759986 3 218984291
926428965 18 350731941
420082876 41 653793986
364289968 31 252123251
700822271 60 648815679
719681175 49 236658247
407756680 40 757352065
422435488 59 585994426
922690552 56 486790027
643728340 96 719987035
301680183 3 634979782
274961240 88 644842083
37640520 58 618711297
522654011 7 960957199
24951267 42 932378843
738245081 71 937238626
764134021 15 248204754
472236604 53 176772883
521473983 30 982351176
771737563 95 152981947
434616169 31 779646523
137685895 15 308198099
1914497 46 112613407
666108011 6 124933827
175454241 6 950024481
447647115 35 885216194
723333967 58 712848429
718539378 40 229524408
212649607 54 770643570
512449333 9 726336514
360668738 62 364254986
339700128 71 900245013
300595086 81 657782612
896383714 92 979432773
664052977 96 686720499
462549108 14 443975305
54453987 71 304111555
474239727 97 959663277
841900072 61 997404280
112739274 72 635283933
436347817 14 630833083
976552630 51 790612183
764564621 44 546396373
139598897 26 933779738
109653500 13 151816658
873112570 26 888446313
825678641 31 794661623
736178761 100 675710184
693029084 32 298853029
100783062 58 355702186
283615079 25 154803855
321530537 65 957211365
237044785 77 544990861
541603963 41 294419617
273666309 85 414921471
289650039 61 858418853
540274500 71 877862223
689941287 90 450789908
589293780 45 698056232
451481591 90 173878979
244845393 6 605889630
798956064 21 647140602
962707724 90 900245367
545851207 99 737488791
818959862 31 568101099
822584063 21 474869710
36334772 44 356907155
141174355 32 729825405
966297196 49 258914374
190006087 80 309640550
28277016 28 476592296
539699535 33 488049072
371165740 47 906468400
65499214 78 968185156
771000248 18 799528153
945601447 15 109639027
678146175 95 462882617
798856568 51 627044588
491439999 93 165627141
119861331 42 557108582
340870140 43 149712876
62382763 41 321915239
513484908 62 765610137
394093528 51 592813714
912038273 52 564126490
603831603 58 835231530
877736940 89 907513009
823419397 77 725248970
47490355 26 539292194
189469140 16 852741234
926292560 71 265681888
360046139 20 828231679
488984583 97 787980490
855764292 29 106708273
786096989 20 813736817
691759024 79 551740898
561237719 33 696186412
553576513 57 466679939
373397213 76 472021397
893062028 79 799697190
50286784 64 393183948
793305690 87 336792112
45983854 91 777543327
822990754 44 252013272
536632041 49 682845605
50033949 77 179243957
968873548 80 654843671
44279220 70 220817890
479676788 52 486937021
543427836 29 654318344
731611919 38 461012084
109387733 50 774618942
622373369 83 122267458
728976849 94 403309347
762561840 82 609250843
102613106 35 885264183
199661046 49 327400036
234255879 41 457211878
345190058 36 919306295
462173596 32 295436877
527339289 83 761790365
745403204 28 765249872
371041307 65 759966071
477850580 5 657885329
899893350 2 894496219
905882886 86 523557229
347592938 36 157448005
855515283 74 798158008
871239075 72 398757259
963898890 62 342923447
489042697 28 657409082
346028267 96 207955198
806966441 1 171073487
912984099 92 277490159
438713307 68 269758179
246307732 63 377936158
596778593 49 155775044
381515587 25 822060498
299404347 64 483294977
910322922 25 887188426
257966491 9 280313756
92906661 32 186543981
659673699 84 423424705
957291987 74 994285853
912506269 9 656788399
171360756 82 715707257
392143042 27 952799896
391409153 24 654820550
709144083 39 618429426
160008280 65 163573464
39389004 31 937229363
835593479 41 720742141
47658654 82 512212463
691942957 92 658634597
28618941 80 661210148
998743226 0 511981324
607314584 6 133485542
963402652 48 184015848
624878228 67 498633704
644990834 81 641815987
690226782 60 143029522
21650040 22 394285364
170472549 52 745195045
209749729 82 717797134
466416535 52 533285901
21270643 14 113718327
315030894 85 472996977
614029385 53 318678691
345397256 80 940141122
98843915 0 786899836
915025573 84 381931509
626276947 50 760923265
729277204 93 575613947
159004784 29 141898637
782487023 92 638946118
802490174 93 472647520
615787152 96 445520213
985223949 52 485547059
997376534 34 953269599
937796183 0 839659800
22878407 35 724055835
632295071 4 589976984
232172617 53 936459413
98229123 49 941688185
70248881 7 444986837
576578303 68 724901358
681329076 27 848551704
651326526 25 958556236
177184375 58 640156417
483292469 30 960447064
915669532 67 855139752
979570666 6 855526956
879596579 21 919756414
668156707 90 736648884
972679072 61 436374366
699611763 62 626225053
388053235 73 163545548
198947132 74 104938170
808786860 61 656921738
445929673 85 394081382
69442109 21 893613962
884959325 97 884549098
231413683 28 866765075
567591825 38 189341473
735929737 37 596529720
484776238 13 513115714
812065095 75 540198515
274211722 50 627866558
723732810 12 795051808
35112324 21 291162104
128951693 80 965087499
866021732 92 366062832
818225195 76 850937122
628380376 85 823755532
100710726 9 429647990
352087984 43 157005000
16854683 4 561610856
513378751 36 197151626
151429082 86 978517909
147427511 20 580916184
919453181 4 454786179
67981373 59 733463539
207314103 95 833069329
821064044 75 217368782
201252439 43 880243650
155379463 17 924044292
843206162 77 210697245
482039559 36 727757571
615720400 6 203733577
741662666 29 620911690
660920637 28 667120668
155102365 21 665395336
790379166 67 924816916
591360580 34 605975879
722844424 54 388903922
731767271 17 558997883
782951908 31 590824670
457485220 54 671447481
845665158 74 839788533
812231869 91 995792421
376392727 32 528882056
357816058 31 142678897
379974950 76 685659842
571012552 16 277050230
14641811 20 552515834
700458382 34 773677685
502159209 87 308572419
375536072 10 298301326
633622065 8 612999656
197893072 31 699601342
177563073 63 848265280
457904385 27 796726201
436444255 60 771067704
464366258 42 927921393
767519431 66 430119643
454937301 48 805347340
555183742 72 929018053
353321434 98 310292509
680130135 54 653380893
925480327 54 188860883
104865438 13 547771860
47716449 50 260341584
911792106 79 458925272
442976585 15 597816700
16887086 80 484167866
208525867 34 109343878
265209151 53 965922905
596894656 51 755016232
463537864 15 142951268
356910318 29 327642850
645171047 85 407155538
514657814 100 581489967
2709188 38 410424796
729921118 87 520694642
981464923 100 878657604
593905184 49 816074541
797346633 0 308353793
583785771 41 545498675
68304901 14 160185312
45947937 51 208568161
64270089 11 975229025
759109349 14 101911556
139819686 0 213171580
426195104 42 166669442
92077639 70 673275722
630825360 86 166352312
879390410 49 575729316
809659872 30 691725756
417801933 14 334104793
165618797 59 563351987
913054348 24 126899266
993013530 10 628219053
798749637 7 354261054
120031484 81 321358137
208938544 19 838850194
991945412 41 726330656
349111053 3 582681785
969415096 26 866921639
646326735 89 410083251
30524281 72 491395873
96742291 32 606875708
28753295 86 663456303
617822288 51 746538712
187177603 56 826334217
1012053 66 471850912
75152586 76 273534802
982336396 74 532432155
591420306 10 816916796
573784990 4 168979568
485986474 62 131953051
13528143 18 497349722
734068500 29 513117356
79271058 87 406855079
162539236 100 267379930
845501026 74 622658188
414041182 63 211464341
201187480 94 705128299
633586034 51 487752111
274674414 15 416920952
521367045 86 620543398
713492172 17 980590030
580293576 52 564799573
301019909 42 717336982
168219817 49 805900156
203561966 90 201997969
733771134 33 113653329
426119365 4 729698323
519178474 100 188541708
852669332 33 427160353
898760530 78 779230425
742568285 54 474639857
371122160 46 345910405
410354599 78 473681911
133101920 12 524853752
960655664 7 159278063
646628594 53 140949839
524513689 35 876815077
767769659 33 330565269
452862520 37 309231063
887758320 29 693756967
634355475 79 470870417
882444921 13 426237486
377527116 22 227300767
446453376 29 120568947
353342665 2 988466200
676498513 54 656115781
582416129 37 611347053
42768760 83 507541007
736506339 31 646278208
39115684 53 370788720
190218275 98 843355630
794479754 50 528581198
248359495 41 236864415
869892836 95 962675144
405602389 10 880223289
77345556 81 969012190
943290584 11 339596163
162535883 15 497280883
402628636 76 176286931
757022682 1 461787724
237998614 2 522108586
8035334 60 887520064
612558768 57 540259705
959741609 24 754234774
847809587 29 214032883
491201337 87 467228798
631904792 47 603054032
743196041 13 265182568
436761825 76 899325818
162248480 29 507388815
107252891 66 145788143
345325991 76 778743967
848554917 62 338629977
665204161 88 787396452
616564659 80 930771708
821789859 82 812596858
209796190 68 120239600
877569633 6 524586062
92166440 39 798222915
171947679 75 267536179
751429361 95 133366933
742526247 55 342594800
984846219 46 883643344
538268591 56 865598256
986249765 79 195741465
874712380 30 342168555
500958979 25 849375481
535747414 83 138001015
752187986 97 414810478
417060363 8 109479853
101534420 26 405565788
500
54 25
199 98
429 216
583 292
897 451
276 137
620 311
254 126
172 88
41 19
967 482
375 188
17 10
562 279
732 372
120 60
191 97
383 194
740 377
238 119
774 392
922 459
524 259
156 82
563 280
331 166
163 84
823 414
876 440
978 488
569 283
775 393
649 324
927 463
20 12
611 307
971 485
46 22
111 57
994 497
273 135
377 190
643 320
479 241
792 402
888 446
430 217
324 163
941 471
435 219
207 102
425 213
275 136
838 419
133 69
419 212
18 11
928 464
232 116
219 108
119 59
866 435
918 457
499 248
418 211
295 147
532 262
130 66
561 278
302 150
136 71
703 354
743 379
893 448
62 31
979 489
779 396
681 342
989 494
209 104
630 315
319 159
68 35
776 394
935 467
868 436
912 456
712 360
522 257
742 378
97 47
839 420
208 103
81 42
126 64
937 468
533 263
592 297
288 143
730 371
221 110
560 277
185 94
877 441
570 284
330 165
578 289
514 254
108 55
759 386
272 134
965 481
95 45
572 286
961 478
436 220
886 445
225 112
67 34
606 304
790 400
252 124
624 312
754 383
727 369
84 44
96 46
141 74
296 148
121 61
675 339
50 24
791 401
720 365
413 208
925 461
144 76
685 344
339 171
565 281
28 13
6 4
263 131
632 316
721 366
444 224
250 122
920 458
806 406
855 428
165 85
852 425
389 197
382 193
259 128
57 28
12 7
98 48
286 141
379 191
315 158
127 65
390 198
735 374
175 89
370 185
800 405
926 462
405 205
645 321
990 495
440 222
549 271
772 391
722 367
359 181
388 196
397 202
381 192
665 334
56 27
863 433
879 443
996 498
234 117
465 236
964 480
448 227
947 473
716 363
546 270
530 260
770 390
484 243
794 404
531 261
433 218
312 156
394 201
202 99
104 52
814 409
585 294
809 407
349 177
77 39
901 454
80 41
639 318
123 62
650 325
856 429
671 337
481 242
663 332
753 382
414 209
940 470
827 415
495 246
402 203
687 345
392 199
147 78
545 269
828 416
306 153
862 432
426 214
188 96
464 235
976 487
719 364
227 113
980 490
847 423
369 184
905 455
496 247
101 50
322 162
782 397
348 176
485 244
701 352
278 139
541 268
627 314
552 274
500 249
849 424
785 398
461 234
942 472
222 111
653 327
82 43
696 349
659 329
204 100
363 182
707 357
341 172
216 106
45 21
728 370
30 14
736 375
853 426
691 347
253 125
664 333
854 427
762 387
171 87
290 144
559 276
454 230
55 26
66 33
677 340
283 140
217 107
489 245
11 6
5 3
660 330
393 200
269 133
734 373
972 486
595 299
220 109
287 142
442 223
580 290
998 500
415 210
451 228
523 258
48 23
411 206
952 475
648 323
70 36
337 169
181 92
157 83
304 152
458 232
105 53
367 183
166 86
37 18
900 453
476 239
963 479
519 255
550 272
777 395
647 322
612 308
614 310
878 442
997 499
635 317
213 105
42 20
439 221
822 413
984 492
260 129
581 291
140 73
744 380
535 265
537 266
31 15
607 305
73 37
251 123
205 101
291 145
345 174
970 484
573 287
506 251
180 91
235 118
625 313
79 40
864 434
240 120
477 240
332 167
14 8
884 444
303 151
702 353
154 81
818 412
706 356
386 195
555 275
183 93
3 1
356 179
811 408
859 430
347 175
715 362
869 437
655 328
118 58
35 17
61 30
596 300
652 326
613 309
153 80
343 173
896 450
889 447
588 296
551 273
713 361
265 132
757 385
982 491
358 180
186 95
576 288
739 376
310 154
299 149
534 264
404 204
521 256
100 49
63 32
453 229
957 476
599 302
841 421
793 403
74 38
932 466
571 285
311 155
230 115
789 399
132 68
292 146
16 9
699 351
102 51
698 350
594 298
988 493
597 301
861 431
816 411
993 496
336 168
895 449
584 293
767 388
460 233
586 295
412 207
373 186
899 452
661 331
830 417
939 469
241 121
539 267
874 439
602 303
176 90
749 381
107 54
143 75
674 338
131 67
844 422
836 418
314 157
472 237
445 225
124 63
680 341
693 348
641 319
688 346
507 252
321 161
726 368
139 72
968 483
229 114
704 355
256 127
447 226
338 170
4 2
33 16
146 77
670 336
959 477
277 138
949 474
610 306
768 389
134 70
428 215
871 438
504 250
568 282
262 130
708 358
930 465
815 410
351 178
508 253
374 187
320 160
59 29
709 359
152 79
325 164
684 343
473 238
376 189
669 335
109 56
755 384
9 5
923 460
457 231
