100
519 1000000000
711 1000000000
278 1000000000
912 1000000000
172 1000000000
427 1000000000
87 1000000000
509 1000000000
342 1000000000
853 1000000000
785 1000000000
901 1000000000
86 1000000000
330 1000000000
697 1000000000
802 1000000000
545 1000000000
962 1000000000
704 1000000000
816 1000000000
336 1000000000
268 1000000000
811 1000000000
850 1000000000
327 1000000000
351 1000000000
751 1000000000
356 1000000000
538 1000000000
910 1000000000
871 1000000000
909 1000000000
608 1000000000
764 1000000000
698 1000000000
854 1000000000
881 1000000000
77 1000000000
596 1000000000
913 1000000000
294 1000000000
8 1000000000
307 1000000000
835 1000000000
820 1000000000
176 1000000000
186 1000000000
579 1000000000
964 1000000000
961 1000000000
847 1000000000
34 1000000000
205 1000000000
862 1000000000
45 1000000000
152 1000000000
410 1000000000
386 1000000000
285 1000000000
767 1000000000
183 1000000000
249 1000000000
440 1000000000
840 1000000000
382 1000000000
664 1000000000
447 1000000000
3 1000000000
63 1000000000
548 1000000000
537 1000000000
344 1000000000
230 1000000000
226 1000000000
752 1000000000
468 1000000000
442 1000000000
930 1000000000
536 1000000000
896 1000000000
62 1000000000
177 1000000000
56 1000000000
829 1000000000
952 1000000000
409 1000000000
769 1000000000
423 1000000000
113 1000000000
882 1000000000
659 1000000000
364 1000000000
310 1000000000
46 1000000000
161 1000000000
560 1000000000
923 1000000000
82 1000000000
776 1000000000
104 1000000000
1000
93992406 93992101 939918340
31044623 31044489 310445170
50115317 100228918 501147450
37970738 37970285 379700710
44082038 44081930 440818940
93462083 186922450 934614160
90132320 90131494 901321480
97230749 97229969 972300300
42462958 42462926 382166244
23460248 23460140 234601420
33651395 67301074 336508230
43857489 43857184 438573450
50737676 50736896 507373630
92427183 184852624 924264640
20034625 20034593 200345190
88943422 88942642 800490420
84621628 84621194 846214840
63737607 63737473 637368880
98641733 98640953 986415610
94048197 94047892 940480530
59684050 59683597 596839440
40699773 40699665 406996010
47571093 47570267 475704260
87589209 87589075 875890650
2869044 5736346 28682290
59923384 59923079 599227070
77507031 77506999 697562901
41937010 41936557 377432712
76221163 76220858 685990089
71570515 71570381 715698480
2301462 2301009 20712780
22909657 45817572 229088420
61843277 61843169 556589115
78295870 78295044 782952030
91090772 91090638 819816570
60740644 60740339 607403310
32156770 32156317 321560930
147025 292308 1468530
97066870 97066736 970667260
55905029 55904724 559047160
6139986 6139160 61398140
92723179 185444616 834508233
93436139 186870844 934359670
22343529 44685342 223432160
39026281 39025976 390256040
16724641 16724609 167240690
95630777 95630472 860676615
6874328 13746914 68736090
26273862 52545982 262737560
9823614 9823480 98234420
85262648 170523580 852619290
56836790 113671864 568359750
5796153 5795719 57953380
30401073 60800712 273609279
53821554 53821120 538208350
57849838 57849012 578497320
14766085 29530454 147659130
36992294 36991468 369919810
99708099 99707665 997074320
61483081 61483049 614822660
94943838 94943012 854494164
10559558 21117374 105588910
66262264 132522812 596359998
11538532 23075322 103846410
18749518 18749084 187492050
74084900 74084447 666763722
52967248 105933062 529665810
885066 884240 8844940
82796532 82795706 827958650
40527429 40527124 405267620
23151213 23150433 231505360
73461469 73461335 734613250
66578984 66578550 599210478
50438819 50438711 504385060
66222676 66222242 662220090
32053501 32053067 320528240
76065602 152129462 760654960
76360351 76360243 763596320
93801953 93801127 938012340
48466315 48466207 484661430
76931210 76931178 769305430
31905100 31904992 319044230
9256461 9256327 92556460
43728548 87455354 437279760
77028567 154055418 770283950
82212901 164424368 822127950
52665368 52665260 526652240
79798186 79798154 797975090
86545689 86545236 778910823
70448162 140894890 704475900
10125681 20249620 101250140
89037457 178073480 890373130
24625065 49248414 246244930
28322874 28322440 283221550
90214768 90214463 811932534
34098639 34098205 340983260
79891288 79890462 798911160
4029115 8056488 40288020
15414572 30827402 154140000
32835453 32835319 295518699
82098554 82097774 820983820
66205842 66205062 662057360
98132342 98132310 981321700
88883730 88883277 888835580
5712223 5711789 57121170
50474813 50474508 504746690
40489793 40489013 364407759
57843660 57843207 578429930
70260229 140519024 702594140
40092890 80184346 400923180
96921987 96921853 969211720
85825976 85825671 858253090
68982295 68982161 689821230
9977771 19953826 99771990
43046889 43046584 430463170
26838853 26838419 268385400
23495765 46989814 234950880
63265108 63264974 632649360
98827645 98827340 988269780
67494498 67494064 674941850
66783238 66783130 667824230
70432720 70432586 704326140
82339835 164678236 823390200
4515640 9029538 45154680
62594069 125186422 625937560
94573911 94573477 945733390
4698447 4697994 46983030
12916897 12916763 129162200
20797954 20797520 207978480
85784916 85784463 857842390
45047222 45047088 450469090
53623500 53623195 536233560
15065966 15065186 150656530
25096494 50191554 250963500
45756465 45756160 457557460
30408285 30408177 304081410
54919646 54919614 549195400
17623680 17622854 176233670
66825422 66824642 668253160
34527428 34527320 310746474
95016676 190031918 950158610
10470277 20938838 104701050
46133920 92266406 461336070
81202473 81202168 812017960
22042393 22042361 220416740
38041467 38040687 380412950
7166085 7165632 71654080
92003899 184006082 920037550
34650899 69300082 346507270
18109313 18108533 181090000
93326086 93325952 933253670
13508112 13508080 135077990
84132207 168262672 841315400
48664643 48664509 486644990
56211521 112421608 562112080
77846458 77845678 700617744
66551034 66550926 665509280
87941858 87941750 879411390
42823523 42823070 428228040
94891562 94891530 948908950
18941143 18940709 189408300
52841241 52841209 528410970
69692404 69692099 696920910
55294998 110588280 552941830
79697478 79696652 796968010
78420414 78419961 784195990
7963852 7963744 79635390
12243972 12243667 122433050
48266760 48265980 482661880
44958750 44957970 449586440
59053456 118105170 590533120
78896458 157791200 788958860
77708315 155415196 777082090
26944468 53887220 269438010
68318604 68318572 683179270
43985645 43985340 439855010
23871523 23870697 214843329
19088222 19087442 190875550
26103768 52205794 261030910
78754647 78754213 787539800
26030200 52058966 260298870
34008454 68015474 340081410
6194301 6193475 61941570
49169156 49168330 491688430
13186925 13186099 131867810
29505973 29505539 295052960
53626127 53625993 536255550
20860514 20860080 208597950
54400862 54400428 544007560
51039592 51039287 510387770
25485648 25485195 254853350
83779993 83779540 837792740
10973502 21945288 98761140
69909696 139817650 699095900
1249624 2497532 12489570
74117408 74116955 741165930
20096913 20096479 200968070
73731406 147461096 737312620
96370511 96370479 963697920
5780556 5780103 57802430
1131267 1130962 11305480
47298320 47297540 472981480
9348997 9348544 93482780
34096571 68191708 340957560
62838341 62837515 628376220
84147248 168292780 841471420
31677229 31677197 316765620
72665163 72664710 726645910
49135723 98270012 491350560
11150546 11150241 111498690
73665702 73664922 662990940
28434226 28433446 284341200
8531209 8531177 85306370
57257889 57257455 572572120
51804009 51803875 518033320
95906920 191812098 959066070
47314932 47314106 425834010
52115881 104230328 521157750
94643860 94643555 946435470
90284391 90283938 902840780
73796815 73796707 737961380
57885680 57885375 578850030
48410286 48409833 484101420
74533669 74532889 745329500
29449117 29448337 294489450
51334130 51333304 513334110
66108320 132214898 661075050
25078103 25077323 250773840
97973804 97973499 979732320
35745081 71488420 357449750
96692273 193383112 966914580
1497673 1497368 14968580
95393604 190785774 953927890
90194752 90194618 901940850
8806146 8805712 88053310
82358394 82358089 823578220
96726273 96725968 967255540
38499221 38498787 384985440
38766784 38766676 387666780
74230559 74230527 742298820
79030183 79029357 790300110
39353054 39352274 354177108
7372758 7372453 73720390
74188626 74188321 741883130
75300101 150598460 752994240
40139101 40138648 401383820
97045808 97045355 970454950
47408610 94815478 474084380
66416955 132832476 664168490
42012471 42012037 378111861
95694438 95694304 861249564
58475542 58475408 584754360
9515090 19028464 95147770
71157257 71157149 711564420
80194238 80194104 801935190
87699510 175397304 876986950
3244078 3244046 32432630
50837835 50837701 508376630
15571642 31141542 155714980
79670794 79670341 796700750
61158982 61158874 611583150
83081881 166162046 747736551
21383081 21382947 213824140
91299455 182597168 912987880
20092220 20091767 200915010
4133227 4132401 41329140
33082761 33082653 330821890
41183427 82365138 411831140
31211630 31211177 312109530
71378657 71377831 713783440
15377301 15377167 153771290
67891443 135781144 678913370
99449416 99448590 994491030
12135970 12135938 121357980
6938203 6938069 69380590
6178882 6178448 61785690
52924733 52923953 529244200
72691442 145381450 726906270
88303076 88302296 883029040
5031032 5030727 50308880
28902570 28902117 289017550
91421270 91420444 914209570
73112604 146223492 731124320
10139650 10138870 101394780
45142829 45142721 451422570
19399798 19399493 193996260
89328723 178656012 893281510
89275244 178549054 892745770
21623623 21623591 216234510
92190038 184378642 921897250
68917075 137832408 689163980
75814576 75814271 758144040
52400247 52399942 524001030
9229908 18458382 92295950
70031075 70030770 630279297
26193817 26193683 261931400
27993692 27993239 279935480
43401825 43401717 434011060
70736075 70736043 636624297
43873467 43873033 438727900
84790448 169579462 847898760
16395631 16395599 163949540
49540293 49539859 445862259
73682565 147363696 736818880
92767187 185532658 927668740
3697304 3696851 36971600
6588840 6588060 65881210
82188687 164375658 821881150
36235628 36235194 362355220
55354821 55354789 498193011
4412923 8824412 44122460
34260577 68519438 342599000
88692843 88692063 886921760
6535499 13069256 65353930
89298689 89297909 892985170
4439743 4439290 44395990
39924337 39923511 399242310
52340263 104679092 523401190
76193114 76192661 761923950
22736142 22736110 227354650
91741587 91740761 917410150
42311284 42311150 423111120
23614168 23614136 236135960
26321632 26321198 263214600
12917154 12917122 129170480
33219203 33219171 332184840
38510981 38510873 385102620
23941267 23941235 215471025
33768929 33768897 337687570
59858721 59858287 598580540
94534610 94534502 945344380
50080960 50080928 500808540
38432817 38432683 384327110
30008172 30007392 300073570
32134597 64267478 321344250
48961557 48961123 489614510
48777028 48776894 487769220
93592852 187184270 935922800
15554751 15554643 155546070
2386259 2386125 23861530
24375842 24375708 243750270
3492679 6983642 34919600
7389453 7389319 73893090
46656244 46655418 466556720
26992272 26991819 269919590
40720634 81439552 407204900
82030968 82030188 820302910
48032312 96062908 480321680
3589430 3589296 35887630
10778132 10778024 107780260
96538270 96538136 965375510
63661883 127322332 636617770
43569633 87137550 435690610
10233262 10233230 102324470
77700562 77699736 699304680
94233792 94233339 942330730
66434457 66434349 664337800
57294522 114587328 572942090
7885423 7885118 78846080
45115708 45115574 451151360
35468606 35468172 354680340
11812029 11811997 118117160
5650927 11300138 56507830
57240731 57239905 515166201
53923687 53923253 539235150
4262117 4261664 42614400
14287327 14287295 142872210
3848127 3848019 38479550
5863807 5863673 58634940
16738463 33475210 167377860
82897837 82897057 828975240
24909235 24909127 249085160
57170489 57169663 571701760
66175514 66175482 661746990
65538764 65537984 655386200
55039748 110078062 550390810
28904833 28904725 289041560
42000938 42000112 420003660
93682231 93681797 936819180
39684418 39683592 396836990
49584101 49584069 495835290
7389004 7388870 73882850
76901368 76901234 769005530
6507470 13013224 65072980
66061557 66061423 660612440
40073395 40072961 360660177
40682757 81364080 406820380
91131716 91131263 911309970
87178095 174354756 871774280
27845833 27845053 278457270
73818478 73818446 738183060
66228003 66227895 662274310
44077158 44076705 440764910
61880765 61880460 618800980
94937295 189872848 949366280
3773518 7545602 37729460
66781681 66781547 667815750
78335812 78335704 783352400
67282618 67282184 672818990
65028069 65027764 650272540
85535895 85535590 855357890
84415538 84414712 844152250
21802719 43603722 218025470
60542670 60541844 605425640
74654289 74654181 746537170
47192192 94382642 471916200
21730834 21730008 195577128
14526870 29052024 145262030
52767974 105534206 527672970
41456076 82910436 414553570
23717571 23716791 237172580
4566890 4566064 45661710
18591313 18591281 185911690
61596335 61596227 554366637
83588027 83587919 752291865
26554417 53107092 265536020
35951565 35951260 359508880
80154792 160307842 801540730
7436136 7436028 74359920
7680959 7680851 76802400
90944105 90944073 909437920
34216615 34216507 307949157
24513583 24512757 245130110
13019847 13019067 130191700
62928774 62928321 629280550
71888051 71887917 718878790
94486971 94486191 944863040
55985886 55985433 559852190
3145052 3144272 31448800
46391666 46391232 463908510
90262846 90262393 902621270
27644289 27643463 276435700
812368 1622994 7310934
56116342 56116310 561156750
67797944 67797491 677978000
31606838 63211934 316066660
39730108 79458782 397294310
23207463 46413184 232067960
91385878 182770322 913857060
51765356 51764576 465887826
31564333 31564301 315635180
89367167 178732592 804304125
92050091 184098466 828450441
346149 690556 3459770
38434447 38434415 384341340
77586082 77585974 775857690
72932018 72931584 729318740
37248173 37248039 372480670
73254663 73253837 732545570
22108278 44214814 221079650
60504842 121007942 605040270
13509733 13509428 135095890
91431597 182861760 914314530
90902733 90902625 909020140
30940996 61880276 309406830
28813192 57624668 288130480
10793408 10793300 107933020
91086916 91086611 910866030
27564240 27563414 275639270
33350962 33350930 333507900
74685733 74684953 746855610
790847 790542 7901800
10595858 10595553 105956860
82230695 164459956 822303820
16199960 16199655 161997880
24698980 24698527 222290442
37511619 75021804 375109520
71305125 71304991 713045530
23149525 23149493 231489530
96981321 96981213 969812150
3020598 3020145 30197830
20877016 41752316 187892766
4230885 4230777 42305720
87724558 175447682 877237430
84629817 84628991 846290980
49435175 98868634 494346030
85722484 85721704 857217650
98916511 98916479 989158440
44822943 44822117 448222760
58656735 58656703 586559200
37201588 37200762 372014160
90921786 90921754 909216420
93757912 187514390 937570970
66413349 132824982 664125340
28103761 28102981 281034480
60961871 60961045 609617270
34193733 68386032 341930560
36752390 36752085 367517230
64245597 64245292 642454530
30913951 61826468 309131360
22926038 22925212 229253710
51834381 51833555 518337040
54146152 54145847 541455800
50469369 50469337 504691970
29015838 29015404 290156940
56882675 56882241 568819560
55485984 110970226 499373478
79280680 158559644 792805080
41884961 41884135 418846480
54816293 54815467 493346259
61166537 61166232 611663930
82276314 82275861 822757420
35364920 35364140 318283902
2156046 2155220 21553270
57721755 115442076 577210880
83750411 83749585 837497340
87878297 87877471 878776200
97221425 194441134 972206100
71156364 142311012 711561920
61370672 122739910 613705660
12517589 25033436 125170170
61121441 61121307 550092591
65038963 65038931 650386500
78111067 156220418 781103480
19783413 19782979 178050339
96120684 96120250 961201120
34942952 34942647 314486190
63805333 127609232 638045180
60323038 120644360 603224660
5853597 5852817 58527820
96497902 96497794 964977300
78549852 78549547 785497080
10384240 10383414 103835210
25324239 25323786 253236670
53867602 53867494 538667870
14214375 14214070 142137080
4417941 8834166 44177690
55578998 55578966 555783310
36493030 36492250 364922150
47648701 47648593 476483880
48503148 48503116 485028350
40219763 40219458 402194500
48346980 48346948 483468740
85177901 170354368 851772340
72458111 72457977 652122621
64880306 64880198 648795870
46726094 46725268 467257810
93756672 93756238 937565280
11899767 11898987 118990900
96649783 96648957 869847669
89182656 89181876 802643526
51379887 51379779 513790720
40499393 40498940 404985780
74645585 74644805 746450130
67963293 67962840 611669259
20365813 20365705 203649980
66612749 66612444 666124360
72385994 72385560 723856810
31048916 31048782 310488100
67125281 67125249 671246140
87311148 87311014 785799954
55520583 111039732 555204390
86717989 86717684 867178830
53629773 53629639 536291060
53575473 53575039 535753010
99135019 99134566 991349130
46755592 46755458 467552790
96466758 96465932 964661860
74548884 74548058 745482170
60173017 120344292 601723500
83422854 83422822 750805308
48108314 96214912 481074990
11089949 11089917 110897770
30891924 61782132 308913520
87701790 175401864 877011130
4817164 4816384 48165920
14632837 29263958 146320220
26839938 53678134 268391230
43157594 86313472 431574220
25134689 25133863 226211823
49213576 49213544 492130040
76408653 76408519 764085090
53340781 53340001 533401140
66417551 66416771 664168740
10259088 20516742 102583690
55117048 55116595 496053054
90511268 181021102 905111240
56563649 56562823 565629720
79072222 79072088 790719090
33752325 67503216 337521810
18584576 18584468 185839090
2407222 2406788 24070500
92729720 92728940 927291480
45152947 45152839 451527750
26429042 26428216 264288700
14973602 29945488 149730300
29045024 29044992 261404838
6033436 6032610 60333300
61095190 122188664 610950840
41182365 41181585 411822590
794418 794284 7937510
13720013 13719708 137197000
17026197 34050960 170258840
59431529 118861342 594314230
47954079 95906724 479539350
95191759 190381802 951911870
41581289 83161144 415809760
71093862 71093557 710931430
44491629 44491495 444914850
21649176 43296918 216486040
73847542 73846716 738468230
7117451 7116625 71167840
59561592 59561458 595609250
45220489 45220355 452203170
92403540 92403508 924028630
9872710 9872602 98721380
28326684 28326379 283260070
36705261 73408806 367046890
53481164 106960894 534809920
5753195 5752890 57530890
4136080 4135627 41359360
42636369 42636337 426362630
4203278 4202825 42026110
78116016 78115711 781159100
65939635 131877554 659394630
48248098 96494480 482475260
89116641 178231566 891159740
66859909 66859083 668592420
24204322 48407210 242036030
59647289 59646509 596464740
38378520 38378488 383777050
94643163 94643131 851788089
2933830 2933798 29331630
95840163 95839383 958394440
24247382 24247274 242472100
17431861 17431081 174311940
36554702 36554594 365543890
83270651 83270543 832699740
12561573 25121430 125608960
4714838 4714806 47141710
59587765 59586985 595870880
40838580 40838548 408379130
55450733 55450280 499056219
91815705 183629668 918155330
36706396 73411050 367057290
42778000 85554284 427778280
75817169 75816716 758168560
49886131 49885351 498854640
53831920 107662098 538312430
40002736 80003730 400025640
61091094 61090789 610902790
33513464 67025186 335127870
79948848 79948395 799486760
36203965 36203857 362037930
89775290 89774837 897749770
61581227 61580793 615810830
3169716 3169684 31695440
37662820 75323898 376626480
24490839 24490731 244902670
35097319 35096885 350967470
74617888 74617435 746175750
1477953 1477500 13301199
63548376 127095318 635482320
95538462 95537636 955383560
88466182 88465729 884655050
40640527 40640495 406398500
59715763 59714937 597156190
96144936 192288130 961443640
7441288 7440835 66971214
52115924 52115098 521151090
42828287 42827507 428277150
23224879 23224574 232240640
31238962 31238657 312388560
66368954 66368922 663688480
58827399 58826573 588268270
70968399 141935364 709677220
67276616 67276482 672763030
65800453 65800345 592203699
96690380 96689600 966896610
48287736 96574038 482870170
28500845 56999948 285006730
64873366 64872913 648725510
57465862 114929982 574657560
36951031 36950897 369503120
51763491 51762711 465871041
39711354 79420992 397111820
64928459 64928351 649283530
29610195 59218956 296095180
89292781 89291955 892920620
77158367 77158233 771577950
83060428 166119114 830597090
67747992 135494268 677478200
58279172 58278346 582790000
79816779 79816747 798161020
50390486 100779538 503897670
68117342 68116562 681171700
69481220 69480786 694804050
19400906 19400798 174607776
10408706 10408253 104079870
5418165 5418057 54174980
2090486 2090378 20899140
64567157 64566377 645668440
69312238 69312206 693121320
80485859 80485827 804851820
77645228 77644402 698806674
11256755 11256321 112566110
32680064 32679930 326794920
81949321 163897208 819486020
75805985 75805851 758054130
86271817 172542200 862715040
40506113 40505333 405055410
63223810 126446186 632237040
69032804 69032351 690319890
51458474 102915206 514577550
5232965 5232933 52328590
70576536 70576504 705763920
60554615 60554162 605539480
62992631 125983520 629923180
75691196 75690416 756904770
24544412 49087082 245440990
58387849 58387396 583872770
33074075 33074043 330739690
96798693 193595952 967978780
1096901 1096075 10962340
77267345 154533256 772665300
20533308 20533174 205324930
90553692 90553258 905529730
94905040 94904587 949043630
19039739 19039305 171357273
48169580 48169472 481689030
18012981 36024220 180124090
58629183 58629151 586285160
18626170 18625865 186259980
43816997 87632560 438168910
2549250 2548424 25491060
78771989 157542544 787718170
94181990 94181882 941818180
20376680 20376572 203760030
20607451 41213468 206066360
95697669 95696889 956974970
94317524 94317416 943168050
94375680 188749926 943755740
11838261 11838229 118376890
27120572 27120438 271204000
51681556 51681103 516813840
93958975 93958867 939584030
35881986 71762538 358816730
74576689 74576657 671189823
9970999 9970565 89738613
2576848 2576714 25766760
41422219 41422187 414220750
16526661 33051606 148739571
89823831 179645946 898230160
33992144 33991364 339919720
38991600 38990774 389908810
49730270 99458824 497295510
97301983 97301549 875717469
75389784 75389676 753894710
76489066 152976416 764888940
52728505 52728371 527283990
20447472 20446692 204473660
85588828 171175940 855882560
95171440 95171006 951707210
67142332 67141898 671420190
96283387 96282561 962832150
33358762 66715782 333580850
29821854 29821028 298211870
59504725 59504420 595040580
20074523 20074415 200742100
27433359 54865002 274326820
66355074 66354294 663543550
64973005 129944576 649728610
92437228 92437094 924370840
2050463 2050431 20503570
81712710 81712602 817121380
33700188 67398942 336995110
7209271 7208837 72089580
4459228 8917022 44591220
7179686 7179552 71789670
81191342 81190516 811905270
17669163 35336892 176684960
88483572 176965428 884827570
47697215 47696910 476964960
62229240 62228460 622285630
83634564 83634259 836338870
42259724 42259290 422590050
58566701 58566267 585665290
54400116 54399682 543995440
77611299 77610846 698501313
87198105 174394468 784782567
93092794 93092341 930926880
78582544 78582410 785819720
48873320 97744924 488730070
75859279 151717124 758591350
43735567 43735433 437348900
94704421 94704116 947038490
55741284 55740504 557404690
53013981 53013847 530133040
60138120 120274498 601379480
45940697 45940589 459398820
32807430 32807296 328068580
20177253 20176819 201771470
29991350 29991242 299912440
95156956 190312478 856412226
76941624 76940844 769414800
53158062 106314690 531572470
83446286 83446254 834457140
93714460 93714026 937137410
14314186 28626656 143136140
39516571 39516137 395157560
65510743 131019770 655099280
95242149 95242041 952414300
76688956 76688651 766888500
94950867 189900018 949507610
20905562 41809382 188149680
4753646 4752820 47535020
18018846 18018738 180187400
56315142 56314708 563144750
10796547 10795721 97168545
70087976 70087944 700874040
23145371 46289308 231447990
8988907 8988454 89885940
80294751 80294317 802945790
51825319 103649204 518246520
36519080 73036444 328671342
20029953 40058472 180269199
27624315 27623489 276236480
13531762 13531457 135311900
5992626 5992594 59918110
8081566 8080740 80814220
40540201 81078686 405396290
419193 418888 4183780
96144739 96144631 961445670
55473426 55472600 554733200
97667942 97667637 976676290
99399458 99399324 993991450
17212965 17212831 172126520
74794644 74794612 747940720
78432456 156863478 784318840
89768765 89768331 807918507
4735642 9469542 47349230
78290287 78289853 782895680
20319225 40637016 203190530
9752578 9752273 97518590
25494668 50987594 254939910
64092113 64092005 640912980
6752240 6751460 67514250
20225843 20225409 202256990
39719713 39719579 397196070
10442643 10442535 104424710
52296707 52296573 522958920
12782698 12781918 127825920
42012324 42011890 420122180
73112330 73112222 731117580
59960652 59960218 539645490
28424895 28424761 284242280
69479427 138957420 694792830
2756735 2756301 27560580
67725255 67724429 677251490
28046563 28046429 280464190
25178404 25177951 251782320
37019775 37019743 370194620
97039954 194078166 970398480
43239954 43239128 432396410
39510201 39509421 395093860
20810346 20810238 208095310
55379 109042 547120
74059951 74059498 666539181
70984603 70983777 709837880
81332907 81332473 813327630
33495998 66990254 334958920
53984968 107968194 539847960
28441713 28441681 284410460
94066337 94066032 940656600
17701719 35402004 177010420
34705494 34705060 347047750
20525955 41050168 205258110
62620558 62619778 563584644
79383670 158765906 793833570
49704525 49704072 497042120
34494222 34493788 344935550
82292527 82291747 822917120
41584785 83167828 415840660
54601774 54601742 546011070
91647458 183293482 916473140
83809259 83808825 838085820
74984248 74983468 749841040
56131199 112260682 561310270
17252671 17252563 172524990
13821125 13820345 138204480
82081758 164161774 820816520
88141146 88141012 793269936
15499685 15499232 154995790
14082307 14081481 140817350
508933 508153 5086200
53626037 53625929 536252220
18387448 18386995 183871350
44832230 89662718 448319170
804714 803888 8045420
52760035 52760003 527597220
37280238 37279785 372795710
38670195 77338674 386694760
24279082 24278256 242789100
39824383 39823949 398237060
58790541 117579366 587897260
97886524 97885744 978862110
55856886 111712056 558567420
60280753 60280721 602805810
94467386 94466560 944667190
86249181 86248747 862485140
61845952 123690162 556613190
86284911 86284131 862843390
86438583 86438149 864384390
52631005 105260268 526303380
37312861 74623980 373127550
6823375 13645008 68232690
22838970 45676506 228386570
75405705 150809976 678650967
83520402 83520370 835202580
52619301 52619193 526191290
47820194 47820060 478200500
82537390 82537256 825367130
2880576 5759436 28799090
43509587 43509453 435088680
71881070 71880936 718803930
63215620 63215186 632148050
86813705 86813400 868133920
69910161 139818888 699094420
82730672 82730564 827301000
44446910 44446457 400021812
27553054 27552228 247977108
96712209 193422702 967120370
1902140 1902032 17118882
8118962 8118509 81182850
11770220 11769767 117699070
26854854 53707992 268540390
55700325 55700217 557002190
63902427 63901974 639017600
14251150 14251042 142504730
16711702 33421688 167115300
51668519 51668085 516683470
88245829 88245524 882455160
18441325 18440872 184407530
25974982 25974529 259741670
71166855 71166075 711661880
65660003 65659869 656593260
57208027 57207995 514871865
89069069 89068935 890682540
52435452 104869470 524347850
34266617 34265791 342663040
42983810 42982984 429834970
67891000 67890892 678903230
25442817 25442785 254420980
73587103 73586277 662283549
22277625 22277320 222773120
22495378 22495244 224950650
34917399 34916946 349167320
66460907 66460081 664601880
78383781 78383647 783834680
9038204 18074692 90374850
9419175 9418870 94186030
37849460 75697204 378487930
13301041 13301009 133003220
18599766 37197816 167397516
12309503 12308723 123093970
97297968 97297534 972972910
77445864 77445730 697012398
51408171 51408139 514075040
70135286 140269138 701351140
31236322 31236188 312356450
72392546 72391720 723924400
63066533 126131350 630664270
52446193 104890644 524454740
95593147 191184578 955924800
3500523 3500491 34998460
71796881 71796101 717962040
54530748 109060062 545301760
53860698 53860264 538603850
24850177 24850069 248498640
43720716 87439998 437204030
69276248 138550754 692754330
66699883 66699851 666993110
96046581 96046447 960464750
3423460 6845178 34228880
31563414 63125112 315625990
77058827 77058795 770580120
17970003 17969698 179692840
80628508 161255274 806278310
80844379 80844271 808442070
78053307 156104898 780524920
75157850 150314266 751570350
35139623 35139489 351388080
5817252 5816472 58169390
8397765 8397331 83969500
88061910 88061605 880618040
25711285 51420854 257106080
22658607 22658473 226579400
92805040 185608646 928048960
11511844 11511736 115111770
78285512 78285207 782848350
61403190 122804946 614024710
57832335 115662928 578316160
95190126 190378818 951899540
97565050 97564224 975643830
98813597 197625452 988134530
2411671 2411639 24109520
47731356 95460970 477307840
49688281 49687455 496876140
26599442 26599410 265991290
53443246 53442793 480988836
100
372 8
938 6
106 10
509 5
207 8
921 4
667 10
144 10
416 2
468 2
385 6
250 6
672 9
719 10
453 1
812 8
238 6
705 2
108 1
152 9
313 10
224 7
488 8
753 8
306 8
970 4
999 9
735 4
341 7
395 6
832 5
887 7
826 1
773 7
527 6
143 4
134 1
42 9
556 7
646 5
882 9
780 1
39 8
736 9
748 4
605 5
316 5
33 7
382 3
871 2
381 3
360 5
815 10
371 2
443 5
910 5
717 2
572 10
25 5
214 9
205 6
32 1
493 8
102 9
282 7
415 9
256 3
728 7
194 8
334 6
677 10
538 8
878 5
166 4
71 3
708 6
606 2
542 2
915 6
896 4
742 3
942 3
137 7
916 6
213 4
859 6
288 4
963 9
487 8
820 9
305 1
858 2
264 6
628 4
172 10
653 3
274 7
531 2
434 1
349 4
