100
24381104 257765944
177537008 214310239
345288171 470945643
185065572 403923179
134403120 352372539
181846701 368355381
147835674 243928734
231241945 18570985
277009510 414681549
191690499 107642300
378980905 337477606
247023817 326334484
437298593 323053678
30357163 159934472
401989127 120222477
230504772 47965516
262275755 278886583
249832225 408041780
311964958 460080277
164969168 434897796
155769528 298884430
395329515 346815868
217903204 156121554
70803102 126571459
234213759 494912714
184906671 115009952
441344435 465711015
288764692 431930487
91864958 378643027
351381856 319121854
367087370 346370437
125257019 81886627
489928406 481879476
441959752 227605595
15019742 154409716
453294145 106928919
306261138 170789269
326910822 348623659
327711469 24164342
19077055 250230275
365240226 61925227
380152593 56500077
488430563 306584661
37744039 21433637
340555490 80295521
426665957 241642246
323528873 60159211
42038686 404439327
132044921 165973630
172899697 336514790
443443708 147064662
170370282 126193841
327333851 102221198
126385539 497281104
100027730 7561672
69486898 497978945
54479021 465267956
271852616 302155843
323589479 42909583
475721455 162113006
403755252 16661320
76820531 254903763
159343089 79800476
98290457 471375568
160406709 143904361
290969022 271190154
397383994 103850417
58587966 461339304
311136759 77234197
84795868 37489856
35468800 411164488
376432443 6799117
308954959 442464172
337890106 801410
162914416 132544437
149205757 166127913
421031675 419186019
498986494 78542639
402434558 432891116
76795476 97276950
368467103 62841267
19208035 367764498
181620153 118367449
48117997 77796000
115285855 492756911
256437750 132913864
139712980 3271006
445735177 132870193
486187954 301184291
286245079 136141634
302269546 1618721
420804739 287967187
366509825 223301221
8708688 419791232
369584534 268944383
184302001 85504163
305785012 238051636
208935436 203510035
281306034 487405164
332678426 257053432
100
1301341 918384 1384812
1301341 918384 1384812
1301341 918384 1384812
1301341 918384 1384812
1301341 918384 1384812
1301341 918384 1384812
1301341 918384 1384812
1301341 918384 1384812
1301341 918384 1384812
1301341 918384 1384812
1301341 918384 1384812
1301341 918384 1384812
1301341 918384 1384812
1301341 918384 1384812
1301341 918384 1384812
1301341 918384 1384812
1301341 918384 1384812
1301341 918384 1384812
1301341 918384 1384812
1301341 918384 1384812
1301341 918384 1384812
1301341 918384 1384812
1301341 918384 1384812
1301341 918384 1384812
1301341 918384 1384812
1301341 918384 1384812
1301341 918384 1384812
1301341 918384 1384812
1301341 918384 1384812
1301341 918384 1384812
1301341 918384 1384812
1301341 918384 1384812
1301341 918384 1384812
1301341 918384 1384812
1301341 918384 1384812
1301341 918384 1384812
1301341 918384 1384812
1301341 918384 1384812
1301341 918384 1384812
1301341 918384 1384812
1301341 918384 1384812
1301341 918384 1384812
1301341 918384 1384812
1301341 918384 1384812
1301341 918384 1384812
1301341 918384 1384812
1301341 918384 1384812
1301341 918384 1384812
1301341 918384 1384812
1301341 918384 1384812
1301341 918384 1384812
1301341 918384 1384812
1301341 918384 1384812
1301341 918384 1384812
1301341 918384 1384812
1301341 918384 1384812
1301341 918384 1384812
1301341 918384 1384812
1301341 918384 1384812
1301341 918384 1384812
1301341 918384 1384812
1301341 918384 1384812
1301341 918384 1384812
1301341 918384 1384812
1301341 918384 1384812
1301341 918384 1384812
1301341 918384 1384812
1301341 918384 1384812
1301341 918384 1384812
1301341 918384 1384812
1301341 918384 1384812
1301341 918384 1384812
1301341 918384 1384812
1301341 918384 1384812
1301341 918384 1384812
1301341 918384 1384812
1301341 918384 1384812
1301341 918384 1384812
1301341 918384 1384812
1301341 918384 1384812
1301341 918384 1384812
1301341 918384 1384812
1301341 918384 1384812
1301341 918384 1384812
1301341 918384 1384812
1301341 918384 1384812
1301341 918384 1384812
1301341 918384 1384812
1301341 918384 1384812
1301341 918384 1384812
1301341 918384 1384812
1301341 918384 1384812
1301341 918384 1384812
1301341 918384 1384812
1301341 918384 1384812
1301341 918384 1384812
1301341 918384 1384812
1301341 918384 1384812
1301341 918384 1384812
1301341 918384 1384812
100
249108240 389967295
89116176 252379245
382196627 74502720
50630773 35897269
60690673 186772406
322142347 62309394
489041952 110109534
483114132 64859524
329135710 255421716
73568211 450596444
125006249 11588725
134898444 215574236
317373737 338408478
424509672 157295252
472230863 34079455
342490030 73855454
276563102 284122557
326234698 11276080
358625276 376865470
47173348 271832300
416154228 221832046
186658045 405196179
184457931 22288529
470055702 13593641
277710244 396140264
316706436 255232844
407728988 451604880
470807079 77619076
142529709 247833102
87430680 467276924
134428909 429920709
41132377 410992010
214043265 219883427
422268089 425184892
96748896 469441436
197017191 365419475
43789833 383675236
270615653 228247764
405963764 93187706
94357756 36190359
341844321 411064191
291423202 249573309
215185422 114746632
179708736 210231483
215096086 267139415
177508406 349524994
49576475 71157134
260517003 116136091
291040560 35301443
41320982 240305808
4742878 90854525
105725282 48532710
327046112 228857287
129296825 85526227
174561344 223654580
121716585 16405665
134718771 265656138
118495325 202420544
232919121 298204060
412652026 448015206
65343475 442676783
150056551 467436301
13833917 263089905
83572392 157390828
298391347 124893373
397696635 303134224
68264249 355938269
204183286 395310360
84795555 333480110
480836586 259356898
57134690 102553170
275762562 44369812
220725659 394257886
99306707 453644780
44978298 364475085
401659985 462838124
159668219 404232888
430274424 26018487
167322792 13846815
183409315 465714139
491256540 81105949
121364714 59520788
289560569 325547999
454831148 374356123
11544461 435667733
486229373 421195502
390737255 114508286
318081665 111462913
8766172 417388371
65107692 406260821
134379807 319284029
369098944 294048026
76033268 299373367
320066512 243356059
165736534 3475826
209070197 9509425
437098127 182951263
69030212 226658695
8499261 376377711
453531170 372560073
